albumGenreId,albumId,genreId
1,1,1
2,1,2
3,1,3
4,2,1
5,2,4
6,2,3
7,3,1
8,3,5
9,4,1
10,4,2
11,5,6
12,5,7
13,5,8
14,5,9
15,6,1
16,6,2
17,6,10
18,7,1
19,7,11
20,7,12
21,7,13
22,8,1
23,8,5
24,9,1
25,9,13
26,9,12
27,9,11
28,10,1
29,10,13
30,10,11
31,11,1
32,11,14
33,11,12
34,12,1
35,12,12
36,12,15
37,13,1
38,13,12
39,13,11
40,14,1
41,14,7
42,14,16
43,14,4
44,15,17
45,15,18
46,16,1
47,16,11
48,17,1
49,17,2
50,18,1
51,18,11
52,18,19
53,19,1
54,19,12
55,19,20
56,20,1
57,20,11
58,21,1
59,21,6
60,21,7
61,21,21
62,21,22
63,21,23
64,21,5
65,21,24
66,22,1
67,22,5
68,23,1
69,23,5
70,24,25
71,24,1
72,24,26
73,25,1
74,25,26
75,25,27
76,25,28
77,26,1
78,26,3
79,26,2
80,27,1
81,27,29
82,27,20
83,27,12
84,28,1
85,28,3
86,28,12
87,29,1
88,29,12
89,29,11
90,30,1
91,30,7
92,30,16
93,30,5
94,30,4
95,31,1
96,31,5
97,31,30
98,32,1
99,32,11
100,32,12
101,32,5
102,33,1
103,33,10
104,33,5
105,34,1
106,34,12
107,35,1
108,35,31
109,35,32
110,36,33
111,36,33
112,36,34
113,37,1
114,37,3
115,38,1
116,38,35
117,38,13
118,38,3
119,39,1
120,39,12
121,39,11
122,40,1
123,40,7
124,40,36
125,40,11
126,40,5
127,40,12
128,40,4
129,40,15
130,41,1
131,41,11
132,41,37
133,41,3
134,42,1
135,42,6
136,42,7
137,42,5
138,42,24
139,42,9
140,43,1
141,43,4
142,43,13
143,43,20
144,44,1
145,44,38
146,44,10
147,44,39
148,44,3
149,45,1
150,45,31
151,46,1
152,46,7
153,46,5
154,46,40
155,47,1
156,47,32
157,47,41
158,48,1
159,48,42
160,48,43
161,49,1
162,49,5
163,49,32
164,50,1
165,50,2
166,50,44
167,51,25
168,51,21
169,51,22
170,51,8
171,52,1
172,52,11
173,52,13
174,53,1
175,53,13
176,53,12
177,54,1
178,54,13
179,55,1
180,55,13
181,55,4
182,55,12
183,55,8
184,56,1
185,56,11
186,56,5
187,56,36
188,57,45
189,57,1
190,57,46
191,58,6
192,58,9
193,58,24
194,59,1
195,59,42
196,59,19
197,60,1
198,60,12
199,60,2
200,61,1
201,61,11
202,61,12
203,62,1
204,62,42
205,62,43
206,63,1
207,63,15
208,64,1
209,64,3
210,64,2
211,64,44
212,65,6
213,65,7
214,65,8
215,65,9
216,65,47
217,66,1
218,66,19
219,66,48
220,67,1
221,67,5
222,68,1
223,68,5
224,69,1
225,69,7
226,69,5
227,69,12
228,70,1
229,70,11
230,71,1
231,71,12
232,72,1
233,72,13
234,72,4
235,72,12
236,73,1
237,73,16
238,73,4
239,74,1
240,74,3
241,74,39
242,74,12
243,75,1
244,75,29
245,75,49
246,75,2
247,75,12
248,76,1
249,76,5
250,77,1
251,78,7
252,78,8
253,78,50
254,78,40
255,79,25
256,79,1
257,79,5
258,79,50
259,79,10
260,80,1
261,80,4
262,80,20
263,81,1
264,81,15
265,82,1
266,82,26
267,82,5
268,83,1
269,83,7
270,83,5
271,83,51
272,84,1
273,84,11
274,85,1
275,85,32
276,85,5
277,85,31
278,85,8
279,86,1
280,86,10
281,86,2
282,87,1
283,87,11
284,88,1
285,88,28
286,89,1
287,89,5
288,90,1
289,90,21
290,90,16
291,90,22
292,90,5
293,91,1
294,91,32
295,92,1
296,92,41
297,92,32
298,93,25
299,93,1
300,93,26
301,93,10
302,93,39
303,93,52
304,94,1
305,94,13
306,94,12
307,95,1
308,95,11
309,96,1
310,96,53
311,96,10
312,97,25
313,97,1
314,97,32
315,97,26
316,98,17
317,98,1
318,98,54
319,98,12
320,99,1
321,99,15
322,100,1
323,100,35
324,100,3
325,100,13
326,101,25
327,101,6
328,101,7
329,101,8
330,101,24
331,101,50
332,102,1
333,102,35
334,102,55
335,102,56
336,102,13
337,103,1
338,103,5
339,104,1
340,104,5
341,105,1
342,106,1
343,106,13
344,106,12
345,107,25
346,107,7
347,107,50
348,108,1
349,108,5
350,109,1
351,109,7
352,109,50
353,109,32
354,109,5
355,110,25
356,110,50
357,111,1
358,111,11
359,112,1
360,112,21
361,112,22
362,112,16
363,112,5
364,113,1
365,113,19
366,114,1
367,114,7
368,114,5
369,114,50
370,115,1
371,115,6
372,115,7
373,115,5
374,116,1
375,116,19
376,117,25
377,117,1
378,117,26
379,117,57
380,117,39
381,118,45
382,118,58
383,119,25
384,119,1
385,119,32
386,119,10
387,120,1
388,120,7
389,120,5
390,120,30
391,120,51
392,121,1
393,121,11
394,121,19
395,122,25
396,122,59
397,122,60
398,123,17
399,123,61
400,124,1
401,124,2
402,124,44
403,125,1
404,125,19
405,125,11
406,126,25
407,126,62
408,126,50
409,127,17
410,127,6
411,127,9
412,128,1
413,128,11
414,128,12
415,129,17
416,129,63
417,129,64
418,129,18
419,130,1
420,130,3
421,130,2
422,131,6
423,131,9
424,132,1
425,132,5
426,132,12
427,133,1
428,134,1
429,134,19
430,135,1
431,135,32
432,135,5
433,136,1
434,136,11
435,136,19
436,137,1
437,137,21
438,137,29
439,137,5
440,138,1
441,138,13
442,138,3
443,139,1
444,139,3
445,140,1
446,140,12
447,140,4
448,140,15
449,141,1
450,141,12
451,142,1
452,142,31
453,142,65
454,142,24
455,143,1
456,143,11
457,144,1
458,144,35
459,144,13
460,144,4
461,144,55
462,144,12
463,145,1
464,145,7
465,145,12
466,146,1
467,146,31
468,147,1
469,147,5
470,148,1
471,148,35
472,148,29
473,148,66
474,149,25
475,149,1
476,149,10
477,149,67
478,149,39
479,150,1
480,150,32
481,150,5
482,150,68
483,151,1
484,151,13
485,151,12
486,152,1
487,152,19
488,153,1
489,153,13
490,153,12
491,154,1
492,154,13
493,154,11
494,154,36
495,155,1
496,155,29
497,156,1
498,156,3
499,156,39
500,156,12
501,157,1
502,157,13
503,157,5
504,157,12
505,158,1
506,158,6
507,158,7
508,158,23
509,158,24
510,158,5
511,159,1
512,159,13
513,160,1
514,160,35
515,160,11
516,160,19
517,160,13
518,161,1
519,161,14
520,161,26
521,161,10
522,161,2
523,162,1
524,162,31
525,163,45
526,164,1
527,164,11
528,164,5
529,165,1
530,165,5
531,166,1
532,166,7
533,166,10
534,166,69
535,167,1
536,167,11
537,167,5
538,168,1
539,168,21
540,168,13
541,168,22
542,168,11
543,169,1
544,169,3
545,169,13
546,170,1
547,170,11
548,170,2
549,171,1
550,171,7
551,171,29
552,171,20
553,171,70
554,171,3
555,172,1
556,172,4
557,172,5
558,173,1
559,173,12
560,174,1
561,174,11
562,174,15
563,175,6
564,175,9
565,175,24
566,176,1
567,176,11
568,176,5
569,177,1
570,177,7
571,177,26
572,177,5
573,178,1
574,178,19
575,179,1
576,179,4
577,179,5
578,179,16
579,180,1
580,180,6
581,180,12
582,180,9
583,180,24
584,180,10
585,181,1
586,181,52
587,182,17
588,182,71
589,183,17
590,183,1
591,183,7
592,183,5
593,183,47
594,183,72
595,184,25
596,184,73
597,184,59
598,184,60
599,185,1
600,185,6
601,185,32
602,185,5
603,185,24
604,186,1
605,186,11
606,186,36
607,187,1
608,187,74
609,187,6
610,187,75
611,187,3
612,188,1
613,188,2
614,188,10
615,188,44
616,189,1
617,189,13
618,189,5
619,190,1
620,190,5
621,191,1
622,191,19
623,192,1
624,192,35
625,192,7
626,192,13
627,192,4
628,192,11
629,192,53
630,192,12
631,193,1
632,193,5
633,193,10
634,194,1
635,194,11
636,194,19
637,195,17
638,195,64
639,196,1
640,196,4
641,196,5
642,196,3
643,197,1
644,197,21
645,197,22
646,197,27
647,197,3
648,198,1
649,198,11
650,198,2
651,199,1
652,199,7
653,199,5
654,200,1
655,200,7
656,200,5
657,200,51
658,201,25
659,201,1
660,201,26
661,201,5
662,202,6
663,202,7
664,202,76
665,203,45
666,204,1
667,204,2
668,205,1
669,205,7
670,205,32
671,205,50
672,206,1
673,206,5
674,207,1
675,207,7
676,207,5
677,207,50
678,208,1
679,208,26
680,208,32
681,209,1
682,209,11
683,209,13
684,210,25
685,210,77
686,210,39
687,211,1
688,211,5
689,211,29
690,212,1
691,212,5
692,213,1
693,213,35
694,213,5
695,213,66
696,214,1
697,214,11
698,215,1
699,215,6
700,215,7
701,215,23
702,215,24
703,215,5
704,216,25
705,216,7
706,216,50
707,217,1
708,217,33
709,217,34
710,217,33
711,217,78
712,217,79
713,217,30
714,218,1
715,218,52
716,219,1
717,219,5
718,219,2
719,220,1
720,220,12
721,220,2
722,221,1
723,221,11
724,221,36
725,222,1
726,222,27
727,223,25
728,223,1
729,223,50
730,224,1
731,224,29
732,224,20
733,225,1
734,225,21
735,225,5
736,225,22
737,225,3
738,225,80
739,226,1
740,226,7
741,226,26
742,226,32
743,226,3
744,226,5
745,227,1
746,227,6
747,227,24
748,227,52
749,227,32
750,228,1
751,228,13
752,229,1
753,229,2
754,229,5
755,230,6
756,230,60
757,230,9
758,231,1
759,231,3
760,232,1
761,232,11
762,233,1
763,233,5
764,233,9
765,234,1
766,234,3
767,234,11
768,234,81
769,234,66
770,235,1
771,235,7
772,235,5
773,235,4
774,236,1
775,236,35
776,236,13
777,237,1
778,237,5
779,238,1
780,238,12
781,238,13
782,239,1
783,239,7
784,239,5
785,239,2
786,239,44
787,240,1
788,240,11
789,240,19
790,241,1
791,241,5
792,242,25
793,242,1
794,242,7
795,242,10
796,242,39
797,242,50
798,243,1
799,243,13
800,244,6
801,244,9
802,244,24
803,245,1
804,245,32
805,246,1
806,246,26
807,246,52
808,247,1
809,247,3
810,247,44
811,248,25
812,248,1
813,248,32
814,248,41
815,249,1
816,249,3
817,250,1
818,250,2
819,250,5
820,251,1
821,251,5
822,251,47
823,252,1
824,252,11
825,252,12
826,252,2
827,253,1
828,253,7
829,253,10
830,253,5
831,254,25
832,254,1
833,254,6
834,254,7
835,254,30
836,254,5
837,255,1
838,255,7
839,255,82
840,255,83
841,255,59
842,256,1
843,256,29
844,256,3
845,257,25
846,257,1
847,257,7
848,257,5
849,257,50
850,257,47
851,258,1
852,258,26
853,258,5
854,259,25
855,259,62
856,260,1
857,260,13
858,260,3
859,261,17
860,261,84
861,261,18
862,262,45
863,262,6
864,262,85
865,262,86
866,262,87
867,262,88
868,263,1
869,263,5
870,263,9
871,264,25
872,264,1
873,264,5
874,264,50
875,265,1
876,265,3
877,265,5
878,265,13
879,265,44
880,266,1
881,266,11
882,266,12
883,266,13
884,267,1
885,267,30
886,267,11
887,267,5
888,268,25
889,268,50
890,268,89
891,269,25
892,269,45
893,269,90
894,269,60
895,269,91
896,269,59
897,270,1
898,270,11
899,270,19
900,271,1
901,271,5
902,271,2
903,272,1
904,272,11
905,272,19
906,273,25
907,273,50
908,274,1
909,274,29
910,274,12
911,274,20
912,275,1
913,275,19
914,276,45
915,276,92
916,276,87
917,277,1
918,277,42
919,278,1
920,278,32
921,278,10
922,279,1
923,279,4
924,279,5
925,280,1
926,280,32
927,280,93
928,281,6
929,281,9
930,281,8
931,282,1
932,282,5
933,283,1
934,283,11
935,283,12
936,284,1
937,284,6
938,284,7
939,284,23
940,284,24
941,284,5
942,285,1
943,285,38
944,286,1
945,286,2
946,286,12
947,287,1
948,287,5
949,288,1
950,288,6
951,288,35
952,288,21
953,288,13
954,288,66
955,288,9
956,288,22
957,289,25
958,289,1
959,289,94
960,290,1
961,290,2
962,290,14
963,290,5
964,291,1
965,291,5
966,291,2
967,291,44
968,292,1
969,292,13
970,292,4
971,292,12
972,293,25
973,293,7
974,293,62
975,293,50
976,294,1
977,295,1
978,295,15
979,295,12
980,296,1
981,296,19
982,297,1
983,297,5
984,297,12
985,298,1
986,298,30
987,298,5
988,298,12
989,299,45
990,299,92
991,300,1
992,300,7
993,300,26
994,300,5
995,300,10
996,301,1
997,301,11
998,301,19
999,302,25
1000,302,59
1001,302,65
1002,302,60
1003,303,17
1004,303,95
1005,304,1
1006,304,7
1007,304,29
1008,304,30
1009,304,5
1010,304,51
1011,305,25
1012,305,7
1013,305,50
1014,306,1
1015,306,2
1016,307,25
1017,307,96
1018,307,97
1019,307,98
1020,308,1
1021,308,16
1022,308,4
1023,309,25
1024,309,39
1025,309,67
1026,309,50
1027,310,1
1028,310,12
1029,311,45
1030,311,1
1031,311,85
1032,311,91
1033,311,99
1034,311,95
1035,312,25
1036,312,1
1037,312,5
1038,312,50
1039,313,1
1040,313,26
1041,313,13
1042,313,20
1043,314,1
1044,314,52
1045,315,1
1046,315,15
1047,315,11
1048,316,33
1049,316,33
1050,317,1
1051,317,2
1052,318,1
1053,318,29
1054,318,20
1055,319,1
1056,319,12
1057,320,1
1058,320,12
1059,321,1
1060,322,1
1061,322,11
1062,323,1
1063,323,5
1064,324,1
1065,324,5
1066,325,1
1067,325,38
1068,325,11
1069,325,31
1070,326,1
1071,326,29
1072,326,5
1073,327,25
1074,327,6
1075,327,7
1076,327,50
1077,327,9
1078,328,1
1079,328,32
1080,328,5
1081,329,1
1082,329,5
1083,330,1
1084,330,26
1085,330,5
1086,331,1
1087,331,5
1088,331,31
1089,332,25
1090,332,1
1091,332,6
1092,332,7
1093,332,9
1094,332,50
1095,332,8
1096,332,24
1097,332,47
1098,332,76
1099,332,66
1100,332,5
1101,332,40
1102,332,51
1103,333,25
1104,333,45
1105,333,1
1106,333,73
1107,333,59
1108,333,100
1109,333,101
1110,333,39
1111,333,102
1112,334,7
1113,334,50
1114,335,1
1115,335,11
1116,335,27
1117,336,1
1118,336,5
1119,336,2
1120,337,1
1121,337,35
1122,337,13
1123,338,1
1124,338,33
1125,338,4
1126,338,65
1127,338,31
1128,339,7
1129,339,32
1130,339,79
1131,339,50
1132,340,1
1133,340,35
1134,340,21
1135,340,22
1136,340,39
1137,340,27
1138,340,2
1139,341,1
1140,341,32
1141,341,31
1142,342,1
1143,342,5
1144,342,12
1145,343,25
1146,343,7
1147,343,32
1148,343,62
1149,343,50
1150,344,1
1151,344,7
1152,344,5
1153,344,2
1154,344,12
1155,344,30
1156,344,10
1157,345,1
1158,345,32
1159,345,5
1160,346,1
1161,346,32
1162,346,52
1163,347,1
1164,347,20
1165,347,5
1166,347,12
1167,348,1
1168,348,7
1169,348,5
1170,348,8
1171,349,33
1172,349,34
1173,349,33
1174,350,25
1175,350,50
1176,351,1
1177,351,29
1178,352,1
1179,352,11
1180,352,15
1181,353,1
1182,353,5
1183,353,32
1184,354,45
1185,354,85
1186,355,1
1187,355,26
1188,355,32
1189,356,1
1190,356,71
1191,356,54
1192,356,69
1193,357,25
1194,357,45
1195,357,1
1196,357,6
1197,357,7
1198,357,103
1199,357,9
1200,357,76
1201,357,5
1202,357,47
1203,357,104
1204,358,1
1205,358,11
1206,359,17
1207,359,1
1208,359,12
1209,359,29
1210,359,27
1211,360,1
1212,360,4
1213,360,12
1214,361,1
1215,361,26
1216,361,52
1217,362,1
1218,362,13
1219,362,3
1220,363,1
1221,363,7
1222,363,32
1223,364,1
1224,364,2
1225,365,1
1226,365,5
1227,366,1
1228,366,7
1229,366,10
1230,366,69
1231,366,39
1232,367,1
1233,367,4
1234,368,1
1235,368,19
1236,369,1
1237,369,67
1238,369,44
1239,370,1
1240,370,29
1241,370,13
1242,370,11
1243,370,12
1244,371,1
1245,371,19
1246,371,11
1247,372,1
1248,372,7
1249,372,104
1250,372,66
1251,372,51
1252,373,1
1253,374,1
1254,374,13
1255,374,27
1256,375,1
1257,375,11
1258,375,12
1259,375,13
1260,376,1
1261,376,33
1262,376,105
1263,377,1
1264,377,5
1265,377,12
1266,378,1
1267,378,5
1268,379,45
1269,379,86
1270,379,39
1271,379,73
1272,380,1
1273,380,13
1274,380,5
1275,381,1
1276,381,35
1277,381,13
1278,381,4
1279,382,1
1280,382,5
1281,382,14
1282,383,1
1283,383,10
1284,383,12
1285,384,1
1286,384,29
1287,384,20
1288,385,1
1289,385,5
1290,386,1
1291,386,5
1292,386,2
1293,387,25
1294,387,1
1295,387,5
1296,387,50
1297,388,1
1298,388,29
1299,389,6
1300,389,66
1301,389,24
1302,390,1
1303,390,11
1304,390,5
1305,391,1
1306,391,11
1307,391,2
1308,392,1
1309,392,11
1310,392,19
1311,393,1
1312,393,11
1313,393,19
1314,394,1
1315,394,13
1316,394,29
1317,394,4
1318,395,17
1319,395,1
1320,395,5
1321,395,12
1322,395,54
1323,396,1
1324,396,68
1325,396,5
1326,396,36
1327,396,11
1328,397,1
1329,397,32
1330,397,5
1331,398,1
1332,398,55
1333,399,1
1334,399,29
1335,399,52
1336,400,25
1337,400,7
1338,400,50
1339,401,1
1340,401,7
1341,401,32
1342,401,50
1343,402,1
1344,402,26
1345,403,45
1346,404,1
1347,404,2
1348,404,44
1349,404,106
1350,404,5
1351,405,1
1352,405,7
1353,405,32
1354,405,5
1355,405,50
1356,406,6
1357,406,7
1358,406,23
1359,406,24
1360,407,1
1361,407,11
1362,407,13
1363,408,1
1364,408,11
1365,409,1
1366,409,29
1367,409,3
1368,410,1
1369,410,11
1370,410,2
1371,411,1
1372,411,26
1373,411,5
1374,412,1
1375,412,38
1376,412,31
1377,413,1
1378,413,42
1379,413,43
1380,413,19
1381,414,1
1382,414,13
1383,414,3
1384,414,5
1385,415,1
1386,415,5
1387,416,25
1388,416,1
1389,416,7
1390,416,44
1391,416,2
1392,416,5
1393,417,1
1394,417,29
1395,417,5
1396,418,1
1397,418,11
1398,418,2
1399,419,1
1400,419,6
1401,419,7
1402,419,66
1403,419,10
1404,419,5
1405,420,6
1406,420,21
1407,420,22
1408,420,9
1409,420,24
1410,421,25
1411,421,1
1412,421,39
1413,421,26
1414,422,1
1415,422,11
1416,423,1
1417,423,5
1418,423,2
1419,424,45
1420,424,88
1421,424,85
1422,425,25
1423,425,1
1424,425,32
1425,425,50
1426,425,8
1427,426,1
1428,426,5
1429,426,12
1430,427,1
1431,427,11
1432,428,7
1433,428,5
1434,429,1
1435,429,35
1436,429,13
1437,429,55
1438,430,1
1439,430,11
1440,430,15
1441,430,12
1442,431,1
1443,431,31
1444,432,1
1445,432,12
1446,433,1
1447,433,10
1448,433,5
1449,434,1
1450,434,10
1451,434,15
1452,435,25
1453,435,45
1454,435,7
1455,435,73
1456,435,62
1457,435,50
1458,436,1
1459,436,7
1460,436,32
1461,436,50
1462,437,1
1463,437,69
1464,437,39
1465,437,107
1466,437,10
1467,438,1
1468,438,11
1469,438,36
1470,438,19
1471,439,1
1472,439,43
1473,439,19
1474,440,1
1475,440,29
1476,441,1
1477,441,29
1478,441,27
1479,441,13
1480,442,45
1481,442,6
1482,442,8
1483,443,45
1484,443,1
1485,443,26
1486,443,99
1487,444,1
1488,444,5
1489,445,1
1490,445,7
1491,445,5
1492,446,1
1493,446,2
1494,447,1
1495,447,32
1496,447,31
1497,448,1
1498,448,12
1499,449,1
1500,449,11
1501,449,12
1502,450,25
1503,450,7
1504,450,50
1505,451,17
1506,451,74
1507,451,7
1508,451,72
1509,452,17
1510,452,1
1511,452,54
1512,452,5
1513,452,12
1514,453,1
1515,453,31
1516,453,11
1517,453,39
1518,453,38
1519,454,1
1520,454,29
1521,454,5
1522,455,1
1523,455,35
1524,455,13
1525,455,3
1526,455,12
1527,456,1
1528,456,32
1529,457,1
1530,457,11
1531,458,1
1532,458,29
1533,458,12
1534,459,17
1535,459,1
1536,459,7
1537,459,71
1538,459,5
1539,460,1
1540,460,74
1541,460,3
1542,461,33
1543,461,33
1544,462,1
1545,462,10
1546,462,5
1547,462,2
1548,463,25
1549,463,1
1550,463,7
1551,463,21
1552,463,4
1553,463,5
1554,463,22
1555,463,30
1556,463,50
1557,464,1
1558,465,25
1559,465,50
1560,466,1
1561,466,2
1562,467,1
1563,467,32
1564,467,41
1565,468,1
1566,468,32
1567,469,1
1568,469,29
1569,469,20
1570,469,12
1571,470,1
1572,470,19
1573,471,1
1574,471,32
1575,472,25
1576,472,1
1577,472,7
1578,472,50
1579,472,5
1580,473,1
1581,473,11
1582,473,5
1583,474,1
1584,474,108
1585,474,2
1586,474,13
1587,475,1
1588,475,13
1589,475,12
1590,476,1
1591,476,20
1592,477,1
1593,477,20
1594,477,12
1595,478,1
1596,478,26
1597,479,25
1598,479,1
1599,479,7
1600,479,5
1601,479,50
1602,480,1
1603,480,11
1604,481,1
1605,481,26
1606,481,52
1607,482,1
1608,482,11
1609,483,1
1610,483,2
1611,484,1
1612,484,42
1613,485,1
1614,485,26
1615,485,52
1616,486,1
1617,486,5
1618,487,1
1619,487,32
1620,487,5
1621,488,1
1622,488,30
1623,488,5
1624,489,1
1625,489,29
1626,489,20
1627,489,12
1628,490,1
1629,490,5
1630,490,14
1631,491,1
1632,491,11
1633,492,6
1634,492,7
1635,492,8
1636,493,1
1637,493,19
1638,494,25
1639,494,1
1640,494,6
1641,494,26
1642,494,104
1643,494,50
1644,495,1
1645,495,12
1646,496,1
1647,496,4
1648,496,30
1649,496,12
1650,497,6
1651,497,35
1652,497,7
1653,497,47
1654,497,109
1655,497,110
1656,498,25
1657,498,50
1658,499,1
1659,499,11
1660,499,19
1661,500,1
1662,500,5
1663,500,12
1664,501,1
1665,501,32
1666,501,5
1667,502,1
1668,502,107
1669,502,52
1670,503,1
1671,503,7
1672,503,5
1673,503,10
1674,504,1
1675,504,2
1676,505,1
1677,505,32
1678,505,41
1679,506,1
1680,506,5
1681,506,2
1682,506,67
1683,507,1
1684,507,31
1685,507,26
1686,508,1
1687,508,11
1688,508,5
1689,509,1
1690,509,5
1691,510,1
1692,510,7
1693,510,50
1694,510,5
1695,511,1
1696,511,29
1697,511,5
1698,512,1
1699,512,52
1700,513,1
1701,513,7
1702,513,5
1703,513,111
1704,514,1
1705,514,19
1706,514,11
1707,515,1
1708,515,13
1709,515,56
1710,515,112
1711,516,25
1712,516,7
1713,516,50
1714,517,17
1715,517,64
1716,518,1
1717,518,5
1718,518,54
1719,519,1
1720,519,11
1721,519,19
1722,520,1
1723,520,7
1724,520,5
1725,520,47
1726,520,12
1727,521,1
1728,521,26
1729,521,39
1730,522,1
1731,522,52
1732,522,26
1733,522,13
1734,522,38
1735,523,25
1736,523,60
1737,523,65
1738,523,59
1739,524,1
1740,524,12
1741,524,5
1742,525,6
1743,525,9
1744,526,1
1745,526,19
1746,527,1
1747,527,2
1748,528,1
1749,528,12
1750,529,25
1751,529,50
1752,530,1
1753,530,3
1754,530,2
1755,531,1
1756,531,3
1757,532,1
1758,532,30
1759,533,25
1760,533,1
1761,533,7
1762,533,32
1763,533,14
1764,533,26
1765,533,41
1766,534,1
1767,534,7
1768,534,5
1769,534,66
1770,535,1
1771,535,12
1772,535,11
1773,535,2
1774,536,1
1775,536,5
1776,536,68
1777,537,25
1778,537,1
1779,537,26
1780,537,62
1781,538,1
1782,538,11
1783,538,2
1784,539,1
1785,539,32
1786,539,41
1787,540,17
1788,540,1
1789,540,74
1790,540,3
1791,540,72
1792,540,54
1793,540,71
1794,540,113
1795,540,75
1796,541,1
1797,541,5
1798,541,3
1799,541,29
1800,542,25
1801,542,1
1802,542,7
1803,542,5
1804,542,50
1805,543,1
1806,543,2
1807,544,1
1808,544,55
1809,545,1
1810,545,52
1811,546,17
1812,546,61
1813,546,64
1814,547,1
1815,547,2
1816,548,17
1817,548,114
1818,548,71
1819,548,18
1820,548,90
1821,549,33
1822,549,34
1823,550,25
1824,550,1
1825,550,21
1826,550,22
1827,550,11
1828,550,115
1829,550,50
1830,551,1
1831,551,11
1832,552,1
1833,552,19
1834,552,11
1835,552,15
1836,553,1
1837,553,42
1838,554,1
1839,554,11
1840,554,13
1841,554,3
1842,555,1
1843,555,11
1844,556,1
1845,556,6
1846,556,7
1847,556,66
1848,556,9
1849,556,47
1850,557,1
1851,557,5
1852,557,12
1853,558,1
1854,558,41
1855,558,93
1856,559,1
1857,559,2
1858,560,1
1859,560,4
1860,560,31
1861,561,1
1862,561,32
1863,561,41
1864,562,17
1865,562,1
1866,562,54
1867,562,12
1868,563,1
1869,563,55
1870,564,25
1871,564,1
1872,564,7
1873,564,50
1874,565,17
1875,565,1
1876,565,2
1877,565,54
1878,565,71
1879,565,69
1880,566,1
1881,566,52
1882,567,1
1883,567,7
1884,567,5
1885,567,10
1886,568,17
1887,568,64
1888,568,61
1889,569,1
1890,569,26
1891,569,93
1892,569,11
1893,570,1
1894,570,29
1895,571,1
1896,571,26
1897,571,5
1898,572,25
1899,572,50
1900,573,1
1901,573,13
1902,574,1
1903,574,19
1904,575,17
1905,575,1
1906,575,54
1907,575,2
1908,576,25
1909,576,7
1910,576,60
1911,576,5
1912,576,50
1913,576,47
1914,577,1
1915,577,3
1916,577,5
1917,577,16
1918,578,25
1919,578,7
1920,578,50
1921,579,25
1922,579,57
1923,579,67
1924,580,25
1925,580,1
1926,580,6
1927,580,69
1928,580,39
1929,580,24
1930,581,1
1931,581,3
1932,581,13
1933,582,1
1934,582,27
1935,582,52
1936,583,45
1937,584,6
1938,584,9
1939,585,6
1940,585,7
1941,586,1
1942,586,6
1943,586,5
1944,586,8
1945,586,9
1946,586,24
1947,586,13
1948,587,1
1949,587,26
1950,588,1
1951,588,7
1952,588,5
1953,588,4
1954,589,1
1955,589,4
1956,589,55
1957,589,12
1958,590,1
1959,590,11
1960,590,19
1961,591,1
1962,591,5
1963,591,12
1964,592,25
1965,592,7
1966,592,116
1967,592,50
1968,593,1
1969,593,13
1970,593,12
1971,594,1
1972,594,7
1973,594,10
1974,594,5
1975,594,47
1976,595,1
1977,595,7
1978,595,5
1979,596,1
1980,596,5
1981,596,12
1982,596,14
1983,597,1
1984,597,12
1985,597,15
1986,598,1
1987,598,11
1988,598,36
1989,598,19
1990,599,1
1991,599,32
1992,599,68
1993,600,1
1994,600,32
1995,601,1
1996,601,5
1997,601,32
1998,602,1
1999,602,2
2000,603,1
2001,603,11
2002,603,12
2003,604,1
2004,604,11
2005,605,1
2006,605,21
2007,605,22
2008,605,11
2009,605,13
2010,606,1
2011,606,52
2012,607,25
2013,607,7
2014,607,50
2015,608,1
2016,608,35
2017,608,13
2018,608,5
2019,608,56
2020,608,112
2021,609,1
2022,609,2
2023,609,12
2024,610,7
2025,610,50
2026,611,1
2027,611,4
2028,611,5
2029,612,1
2030,612,52
2031,613,1
2032,613,7
2033,613,32
2034,613,41
2035,614,1
2036,614,5
2037,615,1
2038,615,26
2039,615,10
2040,616,1
2041,616,26
2042,616,52
2043,617,25
2044,617,1
2045,617,7
2046,617,8
2047,617,5
2048,617,50
2049,617,39
2050,617,67
2051,618,1
2052,618,5
2053,619,1
2054,619,11
2055,620,25
2056,620,17
2057,620,1
2058,620,6
2059,620,7
2060,620,21
2061,620,47
2062,620,51
2063,620,8
2064,620,9
2065,620,30
2066,620,111
2067,620,5
2068,621,17
2069,621,6
2070,621,21
2071,621,117
2072,621,22
2073,621,95
2074,621,9
2075,621,24
2076,622,17
2077,622,35
2078,622,7
2079,622,118
2080,622,110
2081,622,47
2082,623,25
2083,623,1
2084,623,10
2085,623,39
2086,623,15
2087,624,1
2088,624,2
2089,625,25
2090,625,7
2091,625,50
2092,626,25
2093,626,32
2094,626,50
2095,627,25
2096,627,33
2097,627,7
2098,627,32
2099,627,65
2100,627,8
2101,627,50
2102,627,79
2103,628,1
2104,628,6
2105,628,24
2106,628,9
2107,628,3
2108,629,1
2109,629,5
2110,629,12
2111,630,1
2112,630,5
2113,630,11
2114,630,4
2115,631,1
2116,631,3
2117,631,44
2118,632,1
2119,632,4
2120,633,1
2121,633,35
2122,633,13
2123,633,112
2124,633,3
2125,634,1
2126,634,5
2127,635,25
2128,635,1
2129,635,21
2130,635,73
2131,635,52
2132,636,1
2133,636,35
2134,636,56
2135,637,1
2136,637,11
2137,637,5
2138,638,1
2139,638,3
2140,638,5
2141,639,1
2142,639,20
2143,639,5
2144,640,1
2145,640,11
2146,640,19
2147,640,46
2148,641,1
2149,641,30
2150,641,29
2151,642,1
2152,642,29
2153,642,2
2154,643,1
2155,643,2
2156,644,1
2157,644,2
2158,644,12
2159,645,1
2160,645,11
2161,645,19
2162,646,25
2163,646,50
2164,647,1
2165,647,7
2166,647,10
2167,648,25
2168,648,1
2169,648,32
2170,648,50
2171,649,1
2172,649,11
2173,650,1
2174,650,20
2175,650,12
2176,651,1
2177,651,35
2178,651,29
2179,651,13
2180,652,1
2181,652,21
2182,652,22
2183,652,5
2184,653,1
2185,653,7
2186,653,5
2187,653,51
2188,654,1
2189,654,5
2190,654,44
2191,655,1
2192,655,119
2193,655,39
2194,656,1
2195,656,32
2196,656,41
2197,656,3
2198,657,25
2199,657,7
2200,657,50
2201,658,17
2202,658,1
2203,658,71
2204,658,95
2205,658,54
2206,659,1
2207,659,26
2208,660,1
2209,660,38
2210,660,11
2211,660,13
2212,660,3
2213,661,1
2214,661,5
2215,662,1
2216,662,2
2217,662,5
2218,663,1
2219,663,5
2220,664,1
2221,664,13
2222,664,12
2223,665,1
2224,665,11
2225,666,1
2226,666,5
2227,666,12
2228,666,22
2229,667,1
2230,667,5
2231,668,25
2232,668,1
2233,668,10
2234,668,39
2235,668,15
2236,669,1
2237,669,2
2238,670,1
2239,670,35
2240,670,13
2241,670,112
2242,670,120
2243,670,121
2244,671,1
2245,671,19
2246,672,1
2247,672,11
2248,673,1
2249,673,11
2250,674,25
2251,674,1
2252,674,7
2253,674,50
2254,674,47
2255,674,32
2256,674,5
2257,674,51
2258,675,1
2259,675,5
2260,676,1
2261,676,21
2262,676,22
2263,676,4
2264,676,5
2265,677,25
2266,677,116
2267,678,7
2268,678,50
2269,679,1
2270,679,11
2271,679,12
2272,680,25
2273,680,62
2274,680,50
2275,681,1
2276,681,30
2277,681,5
2278,682,1
2279,682,93
2280,683,1
2281,683,55
2282,684,1
2283,684,29
2284,684,4
2285,685,1
2286,685,26
2287,685,52
2288,686,25
2289,686,50
2290,687,1
2291,687,29
2292,687,13
2293,687,2
2294,688,17
2295,688,1
2296,688,5
2297,689,1
2298,689,19
2299,690,1
2300,690,32
2301,691,25
2302,691,50
2303,692,1
2304,692,5
2305,692,12
2306,693,1
2307,693,14
2308,693,12
2309,693,36
2310,694,1
2311,694,11
2312,695,1
2313,695,12
2314,696,1
2315,696,10
2316,697,1
2317,697,7
2318,697,10
2319,697,32
2320,698,1
2321,698,11
2322,699,1
2323,699,10
2324,699,69
2325,699,15
2326,700,1
2327,700,35
2328,700,3
2329,700,13
2330,700,10
2331,700,69
2332,700,39
2333,701,1
2334,701,19
2335,702,1
2336,702,5
2337,702,13
2338,702,4
2339,703,1
2340,703,7
2341,703,11
2342,703,5
2343,703,30
2344,704,1
2345,704,30
2346,704,54
2347,704,5
2348,705,1
2349,705,6
2350,705,5
2351,705,9
2352,706,1
2353,706,13
2354,707,25
2355,707,1
2356,707,7
2357,707,5
2358,707,10
2359,707,50
2360,707,39
2361,707,47
2362,708,1
2363,708,5
2364,708,12
2365,708,11
2366,708,66
2367,708,33
2368,708,24
2369,709,33
2370,709,34
2371,710,1
2372,710,5
2373,711,1
2374,711,42
2375,712,1
2376,712,29
2377,712,20
2378,713,17
2379,713,6
2380,713,7
2381,713,60
2382,713,118
2383,713,9
2384,714,1
2385,714,4
2386,714,31
2387,715,1
2388,715,15
2389,716,1
2390,716,42
2391,717,1
2392,717,3
2393,717,12
2394,718,1
2395,718,7
2396,718,4
2397,718,30
2398,718,5
2399,719,1
2400,719,19
2401,720,1
2402,720,4
2403,720,5
2404,720,12
2405,721,1
2406,721,42
2407,721,19
2408,722,25
2409,722,1
2410,722,32
2411,722,5
2412,722,50
2413,723,25
2414,723,1
2415,723,26
2416,723,50
2417,724,1
2418,724,12
2419,725,1
2420,725,33
2421,725,5
2422,725,2
2423,726,25
2424,726,1
2425,726,93
2426,727,6
2427,727,9
2428,727,24
2429,727,8
2430,728,1
2431,728,11
2432,728,19
2433,729,1
2434,729,19
2435,730,1
2436,730,19
2437,731,45
2438,731,85
2439,731,86
2440,732,1
2441,732,5
2442,732,30
2443,733,17
2444,733,122
2445,734,1
2446,734,21
2447,734,22
2448,734,12
2449,734,3
2450,734,29
2451,735,1
2452,735,101
2453,735,52
2454,736,25
2455,736,1
2456,736,5
2457,736,50
2458,737,25
2459,737,1
2460,737,6
2461,737,7
2462,737,76
2463,737,40
2464,737,5
2465,737,9
2466,738,1
2467,738,52
2468,739,1
2469,739,7
2470,739,5
2471,740,1
2472,740,2
2473,741,1
2474,741,4
2475,742,1
2476,742,3
2477,742,30
2478,743,25
2479,743,1
2480,743,6
2481,743,7
2482,743,50
2483,743,26
2484,743,5
2485,744,1
2486,744,26
2487,745,1
2488,745,10
2489,745,69
2490,745,15
2491,746,1
2492,746,7
2493,746,5
2494,746,3
2495,747,1
2496,747,7
2497,747,5
2498,747,39
2499,748,1
2500,748,6
2501,748,30
2502,748,8
2503,748,32
2504,749,25
2505,749,1
2506,749,50
2507,749,32
2508,750,6
2509,750,8
2510,751,25
2511,751,1
2512,751,116
2513,751,32
2514,751,26
2515,751,41
2516,752,1
2517,752,13
2518,752,29
2519,752,12
2520,753,1
2521,753,7
2522,753,5
2523,753,12
2524,754,1
2525,754,26
2526,754,46
2527,755,1
2528,755,7
2529,755,16
2530,756,1
2531,756,21
2532,756,22
2533,756,4
2534,757,25
2535,757,21
2536,757,22
2537,757,49
2538,757,80
2539,757,67
2540,758,1
2541,758,4
2542,758,5
2543,758,16
2544,759,1
2545,759,7
2546,759,30
2547,759,5
2548,760,1
2549,760,11
2550,760,15
2551,761,1
2552,761,29
2553,761,2
2554,762,1
2555,762,35
2556,762,13
2557,762,11
2558,762,55
2559,763,25
2560,763,50
2561,764,1
2562,764,11
2563,765,1
2564,765,12
2565,766,1
2566,766,5
2567,767,25
2568,767,96
2569,767,123
2570,767,98
2571,768,1
2572,768,42
2573,769,1
2574,769,30
2575,769,12
2576,770,1
2577,770,26
2578,770,5
2579,771,1
2580,771,29
2581,771,4
2582,771,12
2583,772,1
2584,772,26
2585,773,1
2586,773,7
2587,773,2
2588,774,1
2589,774,5
2590,775,1
2591,775,4
2592,775,124
2593,776,25
2594,776,125
2595,776,102
2596,776,126
2597,776,67
2598,776,127
2599,777,1
2600,777,10
2601,777,15
2602,778,1
2603,778,35
2604,779,1
2605,779,26
2606,779,11
2607,780,25
2608,780,39
2609,780,67
2610,781,25
2611,781,1
2612,781,26
2613,781,62
2614,782,6
2615,782,9
2616,782,24
2617,783,1
2618,783,16
2619,783,4
2620,784,17
2621,784,1
2622,784,6
2623,784,54
2624,784,24
2625,785,1
2626,785,77
2627,785,69
2628,786,1
2629,786,7
2630,786,4
2631,786,5
2632,787,1
2633,787,6
2634,787,32
2635,787,41
2636,788,25
2637,788,50
2638,788,115
2639,789,1
2640,789,13
2641,789,20
2642,789,12
2643,790,1
2644,790,11
2645,790,2
2646,791,1
2647,791,7
2648,791,5
2649,792,45
2650,792,85
2651,793,1
2652,793,7
2653,793,30
2654,793,5
2655,794,1
2656,794,12
2657,795,1
2658,795,3
2659,795,2
2660,795,12
2661,796,1
2662,796,6
2663,796,66
2664,797,1
2665,797,19
2666,797,11
2667,798,17
2668,798,6
2669,798,118
2670,798,95
2671,799,1
2672,799,128
2673,800,1
2674,800,99
2675,800,31
2676,801,1
2677,801,5
2678,802,25
2679,802,6
2680,802,32
2681,802,24
2682,803,1
2683,803,32
2684,803,52
2685,804,1
2686,804,11
2687,804,3
2688,805,1
2689,805,31
2690,805,5
2691,806,1
2692,806,21
2693,806,13
2694,806,3
2695,807,1
2696,807,7
2697,807,44
2698,808,25
2699,808,1
2700,808,7
2701,808,50
2702,809,1
2703,809,11
2704,809,5
2705,810,1
2706,810,11
2707,810,15
2708,811,1
2709,811,26
2710,811,32
2711,812,1
2712,812,13
2713,812,29
2714,812,20
2715,813,17
2716,813,74
2717,813,129
2718,813,72
2719,814,25
2720,814,50
2721,815,25
2722,815,116
2723,815,123
2724,815,130
2725,816,1
2726,816,5
2727,816,36
2728,817,1
2729,817,7
2730,817,5
2731,817,2
2732,817,30
2733,818,25
2734,818,1
2735,818,7
2736,818,26
2737,818,32
2738,818,50
2739,819,1
2740,819,7
2741,819,68
2742,819,5
2743,820,1
2744,820,52
2745,820,27
2746,820,100
2747,821,1
2748,821,3
2749,822,25
2750,822,50
2751,823,1
2752,823,5
2753,823,12
2754,824,1
2755,824,29
2756,825,25
2757,825,50
2758,826,1
2759,826,26
2760,827,1
2761,827,11
2762,827,12
2763,828,1
2764,828,5
2765,829,1
2766,829,13
2767,829,11
2768,829,12
2769,830,1
2770,830,13
2771,830,4
2772,830,11
2773,831,1
2774,831,19
2775,831,11
2776,832,33
2777,832,21
2778,832,22
2779,832,33
2780,832,131
2781,832,34
2782,833,6
2783,833,8
2784,834,1
2785,834,32
2786,834,5
2787,835,1
2788,835,19
2789,835,11
2790,836,1
2791,836,21
2792,836,29
2793,836,22
2794,836,30
2795,837,1
2796,837,30
2797,837,5
2798,838,1
2799,838,5
2800,838,2
2801,839,1
2802,839,13
2803,840,1
2804,840,29
2805,840,2
2806,840,44
2807,841,25
2808,841,1
2809,841,77
2810,841,39
2811,842,1
2812,842,11
2813,843,1
2814,843,7
2815,843,27
2816,843,5
2817,843,12
2818,844,1
2819,844,11
2820,844,15
2821,844,19
2822,845,1
2823,845,5
2824,846,1
2825,846,7
2826,846,27
2827,846,30
2828,846,5
2829,847,1
2830,847,31
2831,847,12
2832,848,1
2833,848,11
2834,848,19
2835,849,6
2836,849,9
2837,849,24
2838,850,1
2839,850,31
2840,851,1
2841,851,101
2842,852,25
2843,852,132
2844,853,1
2845,853,19
2846,854,1
2847,854,5
2848,854,29
2849,854,20
2850,855,25
2851,855,7
2852,855,50
2853,856,1
2854,856,5
2855,857,1
2856,857,35
2857,857,13
2858,857,12
2859,858,25
2860,858,1
2861,858,7
2862,858,32
2863,858,50
2864,859,17
2865,859,64
2866,860,1
2867,860,10
2868,860,12
2869,861,1
2870,861,2
2871,862,1
2872,862,30
2873,862,5
2874,863,25
2875,863,62
2876,863,50
2877,864,17
2878,864,64
2879,865,45
2880,865,92
2881,865,87
2882,866,25
2883,866,1
2884,866,7
2885,866,5
2886,866,50
2887,866,32
2888,867,25
2889,867,1
2890,867,73
2891,867,60
2892,867,50
2893,868,1
2894,868,29
2895,868,5
2896,869,1
2897,869,35
2898,869,39
2899,869,13
2900,870,1
2901,870,11
2902,871,1
2903,871,7
2904,871,30
2905,871,5
2906,872,1
2907,872,5
2908,873,6
2909,873,66
2910,873,9
2911,873,24
2912,874,1
2913,874,128
2914,875,1
2915,875,105
2916,876,1
2917,876,6
2918,876,12
2919,876,54
2920,876,30
2921,876,9
2922,877,1
2923,877,19
2924,878,1
2925,878,2
2926,879,1
2927,879,3
2928,879,2
2929,880,25
2930,880,99
2931,880,96
2932,881,1
2933,881,5
2934,882,1
2935,882,29
2936,882,3
2937,883,1
2938,883,11
2939,883,2
2940,884,6
2941,884,9
2942,885,1
2943,885,10
2944,885,5
2945,885,15
2946,886,1
2947,886,26
2948,886,12
2949,887,1
2950,887,3
2951,887,37
2952,888,1
2953,888,21
2954,888,29
2955,888,20
2956,888,22
2957,889,1
2958,889,42
2959,889,43
2960,889,19
2961,890,25
2962,890,7
2963,890,5
2964,890,50
2965,891,1
2966,891,11
2967,892,25
2968,892,133
2969,892,134
2970,893,1
2971,893,41
2972,893,32
2973,894,6
2974,894,9
2975,894,24
2976,894,8
2977,895,1
2978,895,12
2979,896,6
2980,896,9
2981,897,25
2982,897,7
2983,897,21
2984,897,22
2985,897,50
2986,897,8
2987,898,25
2988,898,6
2989,898,50
2990,898,8
2991,899,1
2992,899,5
2993,900,25
2994,900,135
2995,900,116
2996,901,1
2997,901,4
2998,901,12
2999,902,1
3000,902,7
3001,903,21
3002,903,22
3003,904,25
3004,904,17
3005,904,6
3006,904,59
3007,905,1
3008,905,35
3009,905,11
3010,905,13
3011,905,12
3012,906,1
3013,906,136
3014,906,3
3015,906,137
3016,906,39
3017,906,12
3018,907,25
3019,907,7
3020,907,62
3021,907,50
3022,908,1
3023,908,26
3024,909,1
3025,909,125
3026,909,119
3027,909,67
3028,910,1
3029,910,11
3030,910,19
3031,911,17
3032,911,64
3033,911,18
3034,912,25
3035,912,7
3036,912,115
3037,912,50
3038,913,1
3039,913,11
3040,913,3
3041,913,2
3042,914,6
3043,914,8
3044,914,24
3045,914,9
3046,915,1
3047,915,26
3048,915,32
3049,916,17
3050,916,1
3051,916,6
3052,916,35
3053,916,13
3054,916,71
3055,916,24
3056,917,25
3057,917,1
3058,917,10
3059,917,69
3060,917,67
3061,918,25
3062,918,123
3063,919,1
3064,919,11
3065,920,25
3066,920,50
3067,921,1
3068,921,16
3069,921,5
3070,922,1
3071,922,13
3072,922,4
3073,923,25
3074,923,1
3075,923,7
3076,923,26
3077,923,3
3078,924,1
3079,924,29
3080,924,30
3081,924,3
3082,924,12
3083,925,33
3084,925,65
3085,925,79
3086,926,1
3087,926,13
3088,926,29
3089,927,1
3090,927,11
3091,928,1
3092,928,13
3093,928,29
3094,929,25
3095,929,6
3096,929,8
3097,930,1
3098,930,5
3099,931,1
3100,931,29
3101,931,5
3102,931,12
3103,932,1
3104,932,29
3105,932,20
3106,933,6
3107,933,9
3108,934,25
3109,934,1
3110,934,6
3111,934,52
3112,934,39
3113,934,138
3114,935,1
3115,935,31
3116,936,1
3117,936,5
3118,937,1
3119,937,11
3120,938,1
3121,938,36
3122,938,5
3123,939,1
3124,939,7
3125,939,5
3126,939,12
3127,940,7
3128,941,1
3129,941,7
3130,941,5
3131,941,83
3132,941,52
3133,942,1
3134,942,29
3135,942,2
3136,942,12
3137,943,1
3138,943,5
3139,943,13
3140,944,1
3141,944,52
3142,945,1
3143,945,2
3144,945,12
3145,946,1
3146,946,2
3147,946,39
3148,947,1
3149,947,12
3150,948,1
3151,948,11
3152,948,2
3153,949,1
3154,949,10
3155,949,15
3156,950,25
3157,950,7
3158,950,50
3159,951,1
3160,951,139
3161,951,32
3162,951,41
3163,952,1
3164,952,11
3165,952,3
3166,952,2
3167,953,25
3168,953,1
3169,953,7
3170,953,32
3171,953,5
3172,953,50
3173,954,1
3174,954,5
3175,954,11
3176,954,4
3177,955,1
3178,955,7
3179,955,52
3180,956,17
3181,956,140
3182,956,51
3183,957,7
3184,957,50
3185,957,51
3186,957,5
3187,958,1
3188,958,5
3189,959,1
3190,959,5
3191,960,1
3192,960,11
3193,960,19
3194,961,1
3195,961,29
3196,961,27
3197,961,30
3198,962,1
3199,962,6
3200,962,7
3201,962,5
3202,962,47
3203,962,9
3204,963,25
3205,963,50
3206,964,1
3207,964,2
3208,965,25
3209,965,67
3210,966,1
3211,966,32
3212,966,5
3213,967,1
3214,967,7
3215,967,21
3216,967,50
3217,967,67
3218,967,22
3219,968,1
3220,968,6
3221,968,29
3222,968,138
3223,969,1
3224,969,10
3225,969,2
3226,970,25
3227,970,1
3228,970,32
3229,970,50
3230,971,1
3231,971,26
3232,972,1
3233,972,12
3234,972,11
3235,973,6
3236,973,7
3237,973,9
3238,974,1
3239,974,5
3240,974,44
3241,975,25
3242,975,50
3243,976,1
3244,976,6
3245,976,32
3246,976,10
3247,976,24
3248,977,25
3249,977,141
3250,978,1
3251,978,7
3252,978,26
3253,979,25
3254,979,50
3255,979,32
3256,980,1
3257,980,5
3258,981,25
3259,981,60
3260,981,67
3261,981,57
3262,981,142
3263,982,1
3264,982,42
3265,983,1
3266,983,4
3267,983,30
3268,984,1
3269,984,15
3270,984,11
3271,984,19
3272,985,1
3273,985,15
3274,985,4
3275,986,1
3276,986,3
3277,986,5
3278,986,12
3279,987,1
3280,987,55
3281,987,12
3282,987,13
3283,987,11
3284,988,1
3285,988,11
3286,989,1
3287,989,7
3288,989,5
3289,989,50
3290,990,1
3291,990,11
3292,991,1
3293,991,11
3294,991,12
3295,992,1
3296,992,10
3297,992,5
3298,993,1
3299,993,7
3300,993,5
3301,994,1
3302,994,26
3303,994,143
3304,995,1
3305,995,7
3306,995,5
3307,995,12
3308,996,1
3309,996,11
3310,997,1
3311,997,13
3312,997,69
3313,997,2
3314,998,25
3315,998,45
3316,998,1
3317,998,21
3318,998,5
3319,998,22
3320,998,106
3321,998,80
3322,998,62
3323,998,50
3324,999,25
3325,999,50
3326,1000,25
3327,1000,7
3328,1000,50
3329,1000,40
3330,1001,1
3331,1001,38
3332,1001,3
3333,1002,1
3334,1002,7
3335,1002,5
3336,1002,30
3337,1003,17
3338,1003,64
3339,1003,18
3340,1004,1
3341,1004,5
3342,1004,2
3343,1005,1
3344,1005,33
3345,1005,7
3346,1005,30
3347,1005,5
3348,1005,79
3349,1006,1
3350,1006,11
3351,1007,1
3352,1007,35
3353,1007,13
3354,1007,4
3355,1007,11
3356,1007,3
3357,1008,17
3358,1008,1
3359,1008,71
3360,1008,54
3361,1009,6
3362,1009,8
3363,1010,1
3364,1010,2
3365,1011,25
3366,1011,7
3367,1011,50
3368,1012,1
3369,1012,12
3370,1013,1
3371,1013,11
3372,1013,5
3373,1014,1
3374,1014,5
3375,1014,2
3376,1015,1
3377,1015,7
3378,1015,32
3379,1015,50
3380,1015,52
3381,1016,1
3382,1016,31
3383,1017,1
3384,1017,2
3385,1017,44
3386,1018,1
3387,1018,11
3388,1018,19
3389,1019,1
3390,1019,26
3391,1020,25
3392,1020,6
3393,1020,7
3394,1020,60
3395,1020,50
3396,1020,9
3397,1021,1
3398,1021,31
3399,1021,32
3400,1022,1
3401,1022,11
3402,1022,19
3403,1023,1
3404,1023,101
3405,1024,17
3406,1024,74
3407,1024,144
3408,1024,72
3409,1024,145
3410,1025,1
3411,1025,11
3412,1025,2
3413,1026,1
3414,1026,13
3415,1026,11
3416,1026,3
3417,1027,1
3418,1027,11
3419,1027,12
3420,1028,1
3421,1028,6
3422,1028,35
3423,1028,55
3424,1029,1
3425,1029,29
3426,1029,55
3427,1030,1
3428,1030,5
3429,1030,12
3430,1031,1
3431,1031,32
3432,1031,41
3433,1032,25
3434,1032,6
3435,1032,62
3436,1032,24
3437,1033,1
3438,1033,7
3439,1033,5
3440,1033,4
3441,1034,25
3442,1034,45
3443,1034,7
3444,1034,88
3445,1034,40
3446,1034,59
3447,1035,25
3448,1035,7
3449,1035,50
3450,1036,1
3451,1036,99
3452,1036,31
3453,1037,1
3454,1037,5
3455,1038,25
3456,1038,50
3457,1039,1
3458,1039,35
3459,1039,13
3460,1040,17
3461,1040,1
3462,1040,27
3463,1040,30
3464,1040,29
3465,1041,1
3466,1041,32
3467,1041,52
3468,1042,1
3469,1042,2
3470,1042,12
3471,1043,25
3472,1043,1
3473,1043,5
3474,1043,50
3475,1044,33
3476,1044,34
3477,1045,7
3478,1045,47
3479,1046,1
3480,1046,128
3481,1047,1
3482,1047,5
3483,1048,25
3484,1048,1
3485,1048,32
3486,1048,50
3487,1049,1
3488,1049,13
3489,1049,12
3490,1050,1
3491,1050,26
3492,1050,10
3493,1050,39
3494,1050,2
3495,1050,5
3496,1051,6
3497,1051,7
3498,1051,8
3499,1052,6
3500,1052,66
3501,1052,9
3502,1053,1
3503,1053,5
3504,1054,1
3505,1054,12
3506,1055,6
3507,1055,7
3508,1055,24
3509,1056,1
3510,1056,7
3511,1056,32
3512,1056,68
3513,1057,1
3514,1057,5
3515,1057,11
3516,1058,1
3517,1058,2
3518,1058,12
3519,1059,1
3520,1059,11
3521,1060,1
3522,1060,26
3523,1060,11
3524,1060,5
3525,1061,1
3526,1061,5
3527,1061,52
3528,1062,1
3529,1062,52
3530,1063,1
3531,1063,42
3532,1063,19
3533,1064,1
3534,1064,35
3535,1064,112
3536,1064,120
3537,1065,25
3538,1065,7
3539,1065,50
3540,1066,1
3541,1066,12
3542,1067,1
3543,1067,12
3544,1068,25
3545,1068,1
3546,1068,6
3547,1068,60
3548,1068,10
3549,1068,5
3550,1068,24
3551,1069,1
3552,1069,26
3553,1069,32
3554,1069,143
3555,1069,5
3556,1070,25
3557,1070,1
3558,1070,141
3559,1071,1
3560,1071,19
3561,1071,11
3562,1072,25
3563,1072,1
3564,1072,5
3565,1072,50
3566,1073,1
3567,1073,21
3568,1073,22
3569,1073,5
3570,1074,6
3571,1074,146
3572,1075,1
3573,1075,11
3574,1075,19
3575,1076,25
3576,1076,7
3577,1076,50
3578,1077,1
3579,1077,10
3580,1078,1
3581,1078,6
3582,1078,5
3583,1078,24
3584,1078,12
3585,1079,1
3586,1079,37
3587,1080,25
3588,1080,1
3589,1080,32
3590,1080,39
3591,1081,1
3592,1081,11
3593,1081,12
3594,1082,1
3595,1082,32
3596,1082,93
3597,1082,41
3598,1083,1
3599,1083,4
3600,1084,25
3601,1084,62
3602,1084,50
3603,1085,1
3604,1085,12
3605,1085,13
3606,1086,1
3607,1086,7
3608,1086,47
3609,1086,5
3610,1086,51
3611,1087,25
3612,1087,1
3613,1087,10
3614,1088,25
3615,1088,1
3616,1088,7
3617,1088,32
3618,1088,5
3619,1088,50
3620,1089,6
3621,1089,8
3622,1090,1
3623,1090,5
3624,1091,17
3625,1091,1
3626,1091,54
3627,1091,13
3628,1092,1
3629,1092,38
3630,1092,52
3631,1092,3
3632,1093,25
3633,1093,45
3634,1093,73
3635,1093,116
3636,1093,125
3637,1093,60
3638,1093,90
3639,1094,25
3640,1094,1
3641,1094,49
3642,1094,2
3643,1095,1
3644,1095,5
3645,1096,17
3646,1096,6
3647,1096,7
3648,1096,118
3649,1096,88
3650,1096,5
3651,1096,24
3652,1097,1
3653,1097,15
3654,1097,11
3655,1098,1
3656,1098,32
3657,1098,5
3658,1099,1
3659,1099,31
3660,1099,37
3661,1100,25
3662,1100,136
3663,1100,7
3664,1100,147
3665,1100,50
3666,1100,47
3667,1101,1
3668,1101,7
3669,1101,139
3670,1101,83
3671,1101,82
3672,1102,25
3673,1102,1
3674,1102,41
3675,1102,65
3676,1102,69
3677,1102,39
3678,1103,25
3679,1103,132
3680,1103,123
3681,1104,1
3682,1104,7
3683,1104,26
3684,1105,1
3685,1105,21
3686,1105,22
3687,1105,11
3688,1105,3
3689,1105,13
3690,1106,1
3691,1106,11
3692,1106,15
3693,1107,1
3694,1107,148
3695,1107,19
3696,1107,43
3697,1108,1
3698,1108,5
3699,1108,12
3700,1108,2
3701,1109,6
3702,1109,146
3703,1109,24
3704,1110,1
3705,1110,11
3706,1110,13
3707,1111,1
3708,1111,13
3709,1112,1
3710,1112,11
3711,1112,12
3712,1113,1
3713,1113,20
3714,1113,12
3715,1114,1
3716,1114,35
3717,1114,4
3718,1114,66
3719,1114,149
3720,1115,1
3721,1116,25
3722,1116,1
3723,1116,5
3724,1116,8
3725,1117,1
3726,1117,11
3727,1118,1
3728,1118,29
3729,1118,12
3730,1119,1
3731,1119,150
3732,1119,2
3733,1119,150
3734,1119,44
3735,1120,25
3736,1120,17
3737,1120,6
3738,1120,62
3739,1120,95
3740,1121,25
3741,1121,1
3742,1121,32
3743,1121,50
3744,1122,1
3745,1122,19
3746,1123,25
3747,1123,17
3748,1123,62
3749,1123,71
3750,1123,95
3751,1124,1
3752,1124,7
3753,1124,10
3754,1125,1
3755,1125,19
3756,1126,1
3757,1126,26
3758,1127,1
3759,1127,21
3760,1127,3
3761,1127,5
3762,1127,151
3763,1127,80
3764,1128,1
3765,1128,7
3766,1128,152
3767,1128,51
3768,1129,1
3769,1129,4
3770,1129,55
3771,1129,12
3772,1130,25
3773,1130,50
3774,1131,25
3775,1131,45
3776,1131,50
3777,1131,88
3778,1132,1
3779,1132,2
3780,1133,1
3781,1133,3
3782,1134,1
3783,1134,52
3784,1135,33
3785,1135,65
3786,1135,33
3787,1136,1
3788,1136,26
3789,1137,25
3790,1137,1
3791,1137,26
3792,1137,73
3793,1137,52
3794,1138,1
3795,1138,7
3796,1138,5
3797,1138,4
3798,1139,1
3799,1139,5
3800,1139,20
3801,1139,8
3802,1140,1
3803,1140,11
3804,1141,1
3805,1141,13
3806,1141,11
3807,1142,1
3808,1142,29
3809,1142,20
3810,1142,12
3811,1143,25
3812,1143,116
3813,1143,45
3814,1143,134
3815,1144,1
3816,1144,19
3817,1145,1
3818,1145,7
3819,1145,32
3820,1145,31
3821,1146,1
3822,1146,7
3823,1146,32
3824,1146,50
3825,1147,25
3826,1147,7
3827,1147,50
3828,1148,25
3829,1148,1
3830,1148,7
3831,1148,21
3832,1148,49
3833,1148,5
3834,1148,50
3835,1148,22
3836,1149,1
3837,1149,7
3838,1149,32
3839,1149,5
3840,1150,1
3841,1150,29
3842,1150,2
3843,1151,1
3844,1151,31
3845,1152,17
3846,1152,1
3847,1152,150
3848,1152,2
3849,1152,153
3850,1152,54
3851,1152,30
3852,1153,25
3853,1153,7
3854,1153,50
3855,1154,1
3856,1154,32
3857,1154,37
3858,1154,31
3859,1155,1
3860,1155,43
3861,1155,19
3862,1156,17
3863,1156,18
3864,1156,122
3865,1157,25
3866,1157,1
3867,1157,5
3868,1157,60
3869,1157,50
3870,1158,1
3871,1158,12
3872,1159,1
3873,1159,13
3874,1160,1
3875,1160,31
3876,1160,32
3877,1161,1
3878,1161,5
3879,1162,1
3880,1162,99
3881,1162,31
3882,1163,1
3883,1163,3
3884,1163,12
3885,1164,25
3886,1164,116
3887,1164,132
3888,1165,25
3889,1165,6
3890,1165,7
3891,1165,21
3892,1165,76
3893,1165,22
3894,1165,62
3895,1165,50
3896,1165,5
3897,1166,1
3898,1166,5
3899,1167,1
3900,1167,3
3901,1167,5
3902,1168,1
3903,1168,29
3904,1168,3
3905,1169,1
3906,1169,19
3907,1170,1
3908,1170,52
3909,1171,1
3910,1171,26
3911,1171,52
3912,1172,25
3913,1172,50
3914,1172,40
3915,1173,1
3916,1173,11
3917,1173,12
3918,1173,36
3919,1174,1
3920,1174,52
3921,1175,1
3922,1175,26
3923,1175,31
3924,1176,25
3925,1176,1
3926,1176,5
3927,1176,2
3928,1176,50
3929,1176,10
3930,1177,25
3931,1177,97
3932,1177,123
3933,1177,62
3934,1178,25
3935,1178,73
3936,1178,60
3937,1178,154
3938,1178,65
3939,1179,17
3940,1179,71
3941,1179,95
3942,1179,54
3943,1180,25
3944,1180,7
3945,1180,50
3946,1181,1
3947,1181,11
3948,1181,5
3949,1181,36
3950,1182,25
3951,1182,132
3952,1182,123
3953,1183,1
3954,1183,13
3955,1183,66
3956,1183,5
3957,1184,1
3958,1184,35
3959,1184,4
3960,1185,1
3961,1185,13
3962,1186,1
3963,1186,32
3964,1186,52
3965,1187,1
3966,1187,26
3967,1187,32
3968,1188,1
3969,1188,5
3970,1189,1
3971,1189,12
3972,1189,13
3973,1190,1
3974,1190,19
3975,1191,1
3976,1191,33
3977,1191,105
3978,1192,25
3979,1192,116
3980,1192,8
3981,1193,1
3982,1193,13
3983,1193,38
3984,1193,5
3985,1194,1
3986,1194,5
3987,1195,1
3988,1195,32
3989,1196,25
3990,1196,50
3991,1197,1
3992,1197,26
3993,1197,99
3994,1197,31
3995,1197,155
3996,1198,1
3997,1198,4
3998,1198,12
3999,1199,17
4000,1199,61
4001,1200,1
4002,1200,21
4003,1200,22
4004,1200,4
4005,1201,45
4006,1201,92
4007,1202,1
4008,1202,13
4009,1202,29
4010,1203,25
4011,1203,67
4012,1203,141
4013,1204,1
4014,1204,5
4015,1204,2
4016,1205,1
4017,1205,15
4018,1206,25
4019,1206,50
4020,1207,1
4021,1207,16
4022,1207,5
4023,1208,1
4024,1208,12
4025,1209,25
4026,1209,33
4027,1209,7
4028,1209,50
4029,1209,79
4030,1209,32
4031,1209,8
4032,1210,1
4033,1210,2
4034,1210,29
4035,1210,12
4036,1211,1
4037,1211,13
4038,1211,26
4039,1212,1
4040,1212,101
4041,1212,52
4042,1213,45
4043,1213,58
4044,1213,156
4045,1214,1
4046,1214,7
4047,1214,21
4048,1214,5
4049,1214,3
4050,1215,1
4051,1215,26
4052,1216,1
4053,1216,5
4054,1217,1
4055,1217,5
4056,1218,1
4057,1219,6
4058,1219,66
4059,1219,9
4060,1219,24
4061,1220,1
4062,1220,2
4063,1220,3
4064,1221,1
4065,1221,19
4066,1221,11
4067,1222,1
4068,1222,19
4069,1223,1
4070,1223,3
4071,1223,12
4072,1224,1
4073,1224,11
4074,1224,3
4075,1225,1
4076,1225,11
4077,1226,1
4078,1226,68
4079,1227,1
4080,1227,30
4081,1228,1
4082,1228,7
4083,1228,5
4084,1228,50
4085,1229,25
4086,1229,50
4087,1230,1
4088,1230,55
4089,1230,12
4090,1231,1
4091,1231,3
4092,1231,5
4093,1232,1
4094,1232,7
4095,1232,26
4096,1232,52
4097,1233,1
4098,1233,7
4099,1233,52
4100,1233,5
4101,1233,50
4102,1234,1
4103,1234,41
4104,1234,93
4105,1235,25
4106,1235,50
4107,1236,1
4108,1236,10
4109,1237,25
4110,1237,50
4111,1238,1
4112,1238,2
4113,1239,6
4114,1239,24
4115,1239,8
4116,1240,45
4117,1241,6
4118,1241,66
4119,1241,9
4120,1242,1
4121,1242,26
4122,1243,1
4123,1243,32
4124,1243,5
4125,1244,25
4126,1244,7
4127,1244,32
4128,1244,50
4129,1245,1
4130,1245,7
4131,1245,36
4132,1245,5
4133,1245,47
4134,1246,1
4135,1246,32
4136,1246,5
4137,1247,1
4138,1247,5
4139,1248,1
4140,1248,7
4141,1248,5
4142,1249,1
4143,1249,26
4144,1249,32
4145,1250,1
4146,1250,26
4147,1250,52
4148,1251,1
4149,1251,19
4150,1252,1
4151,1252,35
4152,1252,13
4153,1253,25
4154,1253,1
4155,1253,32
4156,1253,50
4157,1254,1
4158,1254,101
4159,1254,52
4160,1255,25
4161,1255,1
4162,1255,50
4163,1256,1
4164,1256,37
4165,1257,25
4166,1257,1
4167,1257,7
4168,1257,2
4169,1257,67
4170,1258,1
4171,1258,10
4172,1258,41
4173,1258,52
4174,1258,69
4175,1259,1
4176,1259,52
4177,1259,143
4178,1259,82
4179,1260,1
4180,1260,5
4181,1260,12
4182,1261,25
4183,1261,50
4184,1262,1
4185,1262,12
4186,1263,1
4187,1263,35
4188,1263,7
4189,1263,110
4190,1263,5
4191,1263,47
4192,1264,1
4193,1264,11
4194,1264,19
4195,1265,1
4196,1265,32
4197,1266,1
4198,1266,37
4199,1267,1
4200,1267,7
4201,1267,5
4202,1267,51
4203,1268,1
4204,1268,2
4205,1268,13
4206,1269,1
4207,1269,4
4208,1270,1
4209,1270,38
4210,1270,31
4211,1270,32
4212,1271,25
4213,1271,6
4214,1271,8
4215,1272,1
4216,1272,44
4217,1272,2
4218,1273,1
4219,1273,29
4220,1273,20
4221,1273,3
4222,1273,39
4223,1274,1
4224,1274,7
4225,1274,30
4226,1275,1
4227,1275,26
4228,1275,38
4229,1275,3
4230,1276,1
4231,1276,136
4232,1276,5
4233,1276,147
4234,1277,1
4235,1277,150
4236,1278,1
4237,1278,7
4238,1278,5
4239,1279,1
4240,1279,21
4241,1279,22
4242,1279,12
4243,1279,5
4244,1279,15
4245,1280,1
4246,1280,5
4247,1281,1
4248,1281,10
4249,1281,11
4250,1281,2
4251,1281,44
4252,1282,25
4253,1282,50
4254,1282,39
4255,1283,1
4256,1283,5
4257,1283,14
4258,1284,1
4259,1284,30
4260,1284,12
4261,1285,33
4262,1285,7
4263,1285,65
4264,1285,79
4265,1286,25
4266,1286,6
4267,1286,21
4268,1286,106
4269,1286,9
4270,1287,25
4271,1287,6
4272,1287,7
4273,1287,50
4274,1287,9
4275,1287,8
4276,1288,25
4277,1288,1
4278,1288,73
4279,1288,52
4280,1289,136
4281,1289,157
4282,1290,1
4283,1290,41
4284,1291,1
4285,1291,12
4286,1292,1
4287,1292,4
4288,1293,25
4289,1293,6
4290,1293,8
4291,1294,45
4292,1295,1
4293,1295,6
4294,1295,5
4295,1295,9
4296,1296,1
4297,1296,7
4298,1296,4
4299,1297,1
4300,1297,11
4301,1297,2
4302,1297,12
4303,1298,1
4304,1298,5
4305,1298,36
4306,1299,1
4307,1299,33
4308,1299,65
4309,1299,31
4310,1300,1
4311,1300,29
4312,1300,3
4313,1301,1
4314,1301,35
4315,1301,13
4316,1301,4
4317,1301,3
4318,1302,45
4319,1302,1
4320,1302,26
4321,1302,46
4322,1303,1
4323,1303,11
4324,1304,1
4325,1304,13
4326,1304,12
4327,1305,1
4328,1305,5
4329,1305,2
4330,1306,1
4331,1306,99
4332,1306,31
4333,1307,1
4334,1307,13
4335,1307,32
4336,1308,1
4337,1308,5
4338,1308,10
4339,1309,17
4340,1309,1
4341,1309,13
4342,1309,54
4343,1309,30
4344,1310,25
4345,1310,158
4346,1310,123
4347,1310,60
4348,1310,96
4349,1311,1
4350,1311,7
4351,1311,5
4352,1312,6
4353,1312,9
4354,1313,1
4355,1313,31
4356,1313,52
4357,1313,155
4358,1314,1
4359,1314,29
4360,1314,13
4361,1315,25
4362,1315,45
4363,1315,1
4364,1315,6
4365,1315,136
4366,1315,7
4367,1315,21
4368,1315,29
4369,1315,20
4370,1315,147
4371,1315,5
4372,1315,4
4373,1315,8
4374,1315,22
4375,1315,60
4376,1315,80
4377,1315,45
4378,1315,159
4379,1315,160
4380,1316,1
4381,1316,5
4382,1316,15
4383,1317,1
4384,1317,5
4385,1318,1
4386,1318,2
4387,1319,25
4388,1319,99
4389,1319,123
4390,1319,116
4391,1319,161
4392,1320,1
4393,1320,26
4394,1320,52
4395,1321,45
4396,1322,6
4397,1322,8
4398,1323,1
4399,1323,41
4400,1323,32
4401,1324,1
4402,1324,35
4403,1324,13
4404,1324,162
4405,1325,1
4406,1325,3
4407,1325,5
4408,1326,45
4409,1327,1
4410,1327,12
4411,1328,25
4412,1328,1
4413,1328,32
4414,1328,50
4415,1329,25
4416,1329,8
4417,1330,1
4418,1330,5
4419,1331,1
4420,1331,3
4421,1331,29
4422,1332,1
4423,1332,35
4424,1332,13
4425,1332,4
4426,1332,3
4427,1333,25
4428,1333,116
4429,1333,123
4430,1334,1
4431,1334,6
4432,1334,5
4433,1334,9
4434,1335,7
4435,1335,50
4436,1336,25
4437,1336,7
4438,1336,32
4439,1336,50
4440,1337,1
4441,1337,3
4442,1337,2
4443,1338,1
4444,1338,4
4445,1338,5
4446,1339,6
4447,1339,8
4448,1339,9
4449,1339,163
4450,1340,25
4451,1340,7
4452,1340,50
4453,1340,32
4454,1340,40
4455,1341,1
4456,1341,29
4457,1341,30
4458,1342,1
4459,1342,26
4460,1342,69
4461,1342,52
4462,1343,1
4463,1343,36
4464,1344,25
4465,1344,6
4466,1344,7
4467,1344,21
4468,1344,8
4469,1344,40
4470,1345,1
4471,1345,11
4472,1345,12
4473,1346,6
4474,1346,8
4475,1347,1
4476,1347,7
4477,1347,5
4478,1348,17
4479,1348,1
4480,1348,13
4481,1348,54
4482,1348,39
4483,1348,108
4484,1349,1
4485,1349,13
4486,1349,12
4487,1350,1
4488,1350,29
4489,1350,5
4490,1351,1
4491,1351,13
4492,1351,81
4493,1351,3
4494,1351,11
4495,1351,12
4496,1352,25
4497,1352,45
4498,1352,17
4499,1352,90
4500,1352,60
4501,1352,86
4502,1353,25
4503,1353,116
4504,1353,130
4505,1353,123
4506,1354,1
4507,1354,6
4508,1354,21
4509,1354,22
4510,1354,9
4511,1355,17
4512,1355,7
4513,1355,140
4514,1355,47
4515,1355,51
4516,1356,1
4517,1356,11
4518,1356,36
4519,1357,1
4520,1357,13
4521,1358,1
4522,1358,7
4523,1358,5
4524,1358,4
4525,1359,17
4526,1360,1
4527,1360,5
4528,1361,45
4529,1361,62
4530,1361,88
4531,1361,85
4532,1362,1
4533,1362,12
4534,1363,1
4535,1363,13
4536,1363,12
4537,1364,1
4538,1364,6
4539,1364,7
4540,1364,5
4541,1364,9
4542,1365,1
4543,1365,93
4544,1366,1
4545,1366,3
4546,1367,1
4547,1367,4
4548,1367,5
4549,1368,1
4550,1368,33
4551,1368,7
4552,1368,32
4553,1368,5
4554,1368,79
4555,1369,1
4556,1369,3
4557,1370,1
4558,1370,29
4559,1370,13
4560,1370,12
4561,1371,1
4562,1371,46
4563,1372,6
4564,1372,24
4565,1372,9
4566,1373,1
4567,1373,52
4568,1374,1
4569,1374,5
4570,1375,1
4571,1375,10
4572,1375,52
4573,1376,1
4574,1376,12
4575,1376,15
4576,1377,1
4577,1377,30
4578,1377,68
4579,1377,44
4580,1378,6
4581,1378,117
4582,1378,95
4583,1379,25
4584,1379,96
4585,1379,123
4586,1379,67
4587,1380,1
4588,1380,5
4589,1381,1
4590,1381,52
4591,1382,1
4592,1382,5
4593,1383,1
4594,1383,13
4595,1383,38
4596,1383,11
4597,1383,4
4598,1384,1
4599,1384,29
4600,1384,12
4601,1385,1
4602,1385,3
4603,1385,81
4604,1385,39
4605,1386,1
4606,1386,11
4607,1387,1
4608,1387,26
4609,1387,52
4610,1388,1
4611,1388,7
4612,1388,32
4613,1388,5
4614,1389,6
4615,1389,9
4616,1389,24
4617,1390,1
4618,1390,68
4619,1390,5
4620,1390,12
4621,1391,1
4622,1391,11
4623,1391,19
4624,1392,1
4625,1392,5
4626,1393,1
4627,1393,32
4628,1393,5
4629,1394,1
4630,1394,7
4631,1394,5
4632,1394,32
4633,1394,13
4634,1394,26
4635,1395,25
4636,1395,21
4637,1395,22
4638,1395,8
4639,1395,39
4640,1395,67
4641,1396,25
4642,1396,32
4643,1396,50
4644,1397,7
4645,1397,160
4646,1398,1
4647,1398,52
4648,1399,25
4649,1399,50
4650,1400,1
4651,1400,32
4652,1400,31
4653,1401,1
4654,1401,5
4655,1402,1
4656,1402,21
4657,1402,5
4658,1403,25
4659,1403,1
4660,1403,26
4661,1404,1
4662,1404,7
4663,1404,68
4664,1404,5
4665,1404,2
4666,1404,13
4667,1404,12
4668,1404,30
4669,1405,25
4670,1405,67
4671,1405,50
4672,1406,1
4673,1406,52
4674,1407,1
4675,1407,13
4676,1407,54
4677,1407,69
4678,1407,108
4679,1408,25
4680,1408,7
4681,1408,74
4682,1408,50
4683,1409,1
4684,1409,55
4685,1410,25
4686,1410,45
4687,1410,96
4688,1410,59
4689,1410,60
4690,1411,1
4691,1411,26
4692,1411,39
4693,1411,52
4694,1412,1
4695,1412,6
4696,1412,66
4697,1412,3
4698,1412,9
4699,1413,25
4700,1413,1
4701,1413,7
4702,1413,5
4703,1413,50
4704,1414,1
4705,1414,7
4706,1414,8
4707,1415,1
4708,1415,26
4709,1415,32
4710,1415,52
4711,1416,1
4712,1416,5
4713,1416,11
4714,1417,25
4715,1417,1
4716,1417,73
4717,1417,52
4718,1418,1
4719,1418,26
4720,1418,32
4721,1418,50
4722,1418,52
4723,1419,17
4724,1419,7
4725,1419,164
4726,1419,51
4727,1419,111
4728,1420,1
4729,1420,119
4730,1421,1
4731,1421,49
4732,1421,2
4733,1421,67
4734,1422,25
4735,1422,7
4736,1422,50
4737,1422,47
4738,1423,1
4739,1423,119
4740,1423,39
4741,1423,67
4742,1424,25
4743,1424,6
4744,1424,50
4745,1424,8
4746,1424,76
4747,1425,25
4748,1425,6
4749,1425,50
4750,1425,24
4751,1426,1
4752,1426,99
4753,1426,31
4754,1427,1
4755,1427,42
4756,1427,48
4757,1427,148
4758,1428,1
4759,1428,35
4760,1428,13
4761,1429,1
4762,1429,29
4763,1430,1
4764,1430,13
4765,1430,11
4766,1430,5
4767,1431,1
4768,1431,165
4769,1431,2
4770,1431,19
4771,1432,25
4772,1432,50
4773,1433,6
4774,1433,8
4775,1434,1
4776,1434,5
4777,1434,12
4778,1435,1
4779,1435,11
4780,1436,1
4781,1436,13
4782,1437,17
4783,1437,1
4784,1437,7
4785,1437,11
4786,1437,5
4787,1437,51
4788,1438,25
4789,1438,50
4790,1439,17
4791,1439,1
4792,1439,7
4793,1439,54
4794,1439,5
4795,1439,12
4796,1440,1
4797,1440,13
4798,1440,32
4799,1441,33
4800,1441,34
4801,1442,1
4802,1442,21
4803,1442,22
4804,1442,106
4805,1442,166
4806,1442,5
4807,1442,50
4808,1443,1
4809,1443,30
4810,1443,52
4811,1444,1
4812,1444,19
4813,1445,1
4814,1445,11
4815,1446,1
4816,1446,31
4817,1447,1
4818,1447,4
4819,1447,38
4820,1448,1
4821,1448,5
4822,1448,10
4823,1449,6
4824,1449,8
4825,1449,79
4826,1450,7
4827,1450,50
4828,1451,25
4829,1451,50
4830,1452,1
4831,1452,5
4832,1453,25
4833,1453,62
4834,1453,50
4835,1454,17
4836,1454,1
4837,1454,74
4838,1454,113
4839,1454,71
4840,1454,95
4841,1454,72
4842,1454,54
4843,1455,1
4844,1455,32
4845,1456,1
4846,1456,11
4847,1456,12
4848,1457,45
4849,1458,1
4850,1458,5
4851,1459,25
4852,1459,1
4853,1459,7
4854,1459,5
4855,1460,1
4856,1460,19
4857,1461,1
4858,1461,29
4859,1461,52
4860,1462,25
4861,1462,96
4862,1462,167
4863,1462,168
4864,1463,1
4865,1463,26
4866,1463,41
4867,1464,6
4868,1464,24
4869,1464,9
4870,1465,25
4871,1465,50
4872,1465,39
4873,1465,67
4874,1466,1
4875,1466,11
4876,1466,15
4877,1467,1
4878,1467,41
4879,1467,32
4880,1468,1
4881,1468,42
4882,1469,25
4883,1469,132
4884,1469,60
4885,1470,1
4886,1470,55
4887,1471,1
4888,1471,26
4889,1472,45
4890,1472,62
4891,1473,1
4892,1473,29
4893,1474,1
4894,1474,19
4895,1475,25
4896,1475,1
4897,1475,57
4898,1475,52
4899,1476,17
4900,1476,6
4901,1476,95
4902,1476,117
4903,1477,25
4904,1477,1
4905,1477,32
4906,1477,50
4907,1478,1
4908,1478,26
4909,1478,68
4910,1478,31
4911,1478,52
4912,1479,1
4913,1479,29
4914,1479,3
4915,1480,1
4916,1480,11
4917,1480,19
4918,1481,1
4919,1481,13
4920,1481,54
4921,1481,36
4922,1482,1
4923,1482,35
4924,1482,120
4925,1482,13
4926,1483,17
4927,1483,64
4928,1484,1
4929,1484,7
4930,1484,169
4931,1484,10
4932,1484,5
4933,1484,2
4934,1485,1
4935,1485,2
4936,1486,1
4937,1486,36
4938,1487,6
4939,1487,7
4940,1487,47
4941,1487,8
4942,1488,1
4943,1488,6
4944,1488,21
4945,1488,22
4946,1488,9
4947,1488,37
4948,1489,25
4949,1489,170
4950,1490,1
4951,1490,7
4952,1490,5
4953,1490,50
4954,1491,25
4955,1491,7
4956,1491,171
4957,1492,1
4958,1492,11
4959,1492,19
4960,1493,1
4961,1493,12
4962,1493,15
4963,1494,6
4964,1494,8
4965,1495,25
4966,1495,45
4967,1495,7
4968,1495,59
4969,1495,50
4970,1495,8
4971,1496,25
4972,1496,45
4973,1496,17
4974,1496,33
4975,1496,6
4976,1496,7
4977,1496,172
4978,1496,9
4979,1496,173
4980,1496,158
4981,1496,60
4982,1497,45
4983,1497,6
4984,1497,9
4985,1497,24
4986,1497,109
4987,1498,1
4988,1498,19
4989,1499,25
4990,1499,130
4991,1500,25
4992,1500,60
4993,1500,50
4994,1501,1
4995,1501,4
4996,1501,20
4997,1502,17
4998,1502,1
4999,1502,54
5000,1503,1
5001,1503,5
5002,1504,1
5003,1504,27
5004,1504,5
5005,1505,1
5006,1505,13
5007,1505,5
5008,1506,74
5009,1506,6
5010,1506,8
5011,1507,1
5012,1507,32
5013,1508,1
5014,1508,42
5015,1509,17
5016,1509,71
5017,1509,95
5018,1510,1
5019,1510,41
5020,1510,32
5021,1510,65
5022,1511,1
5023,1511,7
5024,1511,5
5025,1511,30
5026,1512,1
5027,1512,4
5028,1513,1
5029,1513,5
5030,1514,25
5031,1514,1
5032,1514,7
5033,1514,5
5034,1514,50
5035,1515,1
5036,1515,20
5037,1515,30
5038,1516,1
5039,1516,32
5040,1516,26
5041,1517,25
5042,1517,1
5043,1517,26
5044,1517,4
5045,1517,13
5046,1517,10
5047,1517,39
5048,1517,137
5049,1518,1
5050,1518,5
5051,1519,25
5052,1519,7
5053,1519,174
5054,1519,134
5055,1519,132
5056,1520,1
5057,1520,33
5058,1520,31
5059,1520,5
5060,1520,33
5061,1520,24
5062,1520,65
5063,1521,1
5064,1521,29
5065,1521,20
5066,1522,25
5067,1522,50
5068,1523,1
5069,1523,11
5070,1523,14
5071,1524,1
5072,1524,35
5073,1524,27
5074,1524,2
5075,1525,17
5076,1525,18
5077,1526,1
5078,1526,5
5079,1527,1
5080,1527,29
5081,1527,3
5082,1528,25
5083,1528,7
5084,1528,150
5085,1528,21
5086,1528,49
5087,1528,151
5088,1528,106
5089,1528,50
5090,1529,25
5091,1529,45
5092,1529,6
5093,1529,7
5094,1529,62
5095,1530,17
5096,1530,71
5097,1530,54
5098,1531,25
5099,1531,60
5100,1531,50
5101,1531,67
5102,1532,1
5103,1532,52
5104,1533,1
5105,1533,30
5106,1533,12
5107,1534,1
5108,1534,29
5109,1534,2
5110,1535,1
5111,1535,3
5112,1536,1
5113,1536,5
5114,1537,1
5115,1538,1
5116,1538,21
5117,1538,12
5118,1538,22
5119,1539,1
5120,1539,26
5121,1539,41
5122,1539,52
5123,1539,29
5124,1540,6
5125,1540,21
5126,1540,24
5127,1540,9
5128,1540,8
5129,1540,22
5130,1541,1
5131,1541,5
5132,1542,1
5133,1542,11
5134,1542,2
5135,1543,6
5136,1543,24
5137,1543,8
5138,1544,1
5139,1544,5
5140,1544,14
5141,1545,1
5142,1545,30
5143,1545,5
5144,1546,1
5145,1546,13
5146,1546,3
5147,1547,1
5148,1547,148
5149,1548,1
5150,1548,52
5151,1549,25
5152,1549,50
5153,1550,45
5154,1551,1
5155,1551,52
5156,1552,1
5157,1552,32
5158,1553,1
5159,1553,52
5160,1554,1
5161,1554,11
5162,1554,5
5163,1554,15
5164,1555,1
5165,1555,5
5166,1555,26
5167,1555,29
5168,1556,1
5169,1556,11
5170,1556,5
5171,1557,25
5172,1557,45
5173,1557,62
5174,1557,88
5175,1558,1
5176,1558,7
5177,1558,5
5178,1559,1
5179,1559,5
5180,1559,8
5181,1560,1
5182,1560,7
5183,1560,30
5184,1560,47
5185,1560,51
5186,1561,17
5187,1561,122
5188,1562,25
5189,1562,6
5190,1562,7
5191,1562,21
5192,1562,40
5193,1562,8
5194,1563,25
5195,1563,6
5196,1563,40
5197,1563,175
5198,1563,62
5199,1564,1
5200,1564,52
5201,1564,100
5202,1564,27
5203,1565,45
5204,1566,1
5205,1566,11
5206,1567,1
5207,1567,32
5208,1567,93
5209,1568,1
5210,1568,19
5211,1569,1
5212,1569,7
5213,1569,30
5214,1569,5
5215,1569,51
5216,1570,6
5217,1570,9
5218,1570,24
5219,1570,8
5220,1571,1
5221,1571,26
5222,1571,32
5223,1571,41
5224,1572,1
5225,1572,35
5226,1572,13
5227,1573,1
5228,1573,12
5229,1573,11
5230,1574,17
5231,1575,1
5232,1575,5
5233,1576,25
5234,1576,1
5235,1576,7
5236,1576,21
5237,1576,50
5238,1576,22
5239,1577,1
5240,1577,32
5241,1577,41
5242,1578,1
5243,1578,77
5244,1578,3
5245,1579,1
5246,1579,65
5247,1579,39
5248,1580,1
5249,1580,7
5250,1580,10
5251,1580,5
5252,1580,2
5253,1581,1
5254,1581,31
5255,1581,176
5256,1581,38
5257,1582,1
5258,1582,28
5259,1583,1
5260,1583,7
5261,1583,5
5262,1583,47
5263,1583,30
5264,1584,1
5265,1584,7
5266,1584,5
5267,1584,16
5268,1585,1
5269,1585,31
5270,1585,41
5271,1585,52
5272,1585,26
5273,1586,1
5274,1586,29
5275,1586,2
5276,1587,1
5277,1587,3
5278,1588,1
5279,1588,26
5280,1588,32
5281,1589,1
5282,1589,6
5283,1589,7
5284,1589,5
5285,1589,47
5286,1590,1
5287,1590,52
5288,1590,82
5289,1590,139
5290,1591,1
5291,1591,12
5292,1591,15
5293,1592,25
5294,1592,116
5295,1592,177
5296,1593,25
5297,1593,39
5298,1593,67
5299,1593,141
5300,1594,17
5301,1594,6
5302,1594,8
5303,1594,24
5304,1595,1
5305,1595,42
5306,1596,1
5307,1596,7
5308,1596,5
5309,1597,1
5310,1597,26
5311,1597,5
5312,1598,1
5313,1598,7
5314,1598,105
5315,1598,5
5316,1598,32
5317,1599,1
5318,1599,35
5319,1599,13
5320,1599,121
5321,1600,1
5322,1600,27
5323,1600,5
5324,1601,1
5325,1601,6
5326,1601,7
5327,1601,21
5328,1601,22
5329,1601,20
5330,1601,5
5331,1601,9
5332,1601,111
5333,1602,25
5334,1602,6
5335,1602,7
5336,1602,50
5337,1602,51
5338,1602,9
5339,1603,1
5340,1603,29
5341,1603,20
5342,1603,12
5343,1604,1
5344,1604,178
5345,1604,5
5346,1604,179
5347,1605,25
5348,1605,7
5349,1605,83
5350,1606,1
5351,1606,11
5352,1607,25
5353,1607,7
5354,1607,50
5355,1608,1
5356,1608,16
5357,1609,1
5358,1609,99
5359,1609,31
5360,1610,25
5361,1610,1
5362,1610,7
5363,1610,32
5364,1611,1
5365,1611,11
5366,1611,70
5367,1612,17
5368,1612,117
5369,1613,1
5370,1613,19
5371,1614,1
5372,1614,13
5373,1614,29
5374,1614,2
5375,1615,1
5376,1615,5
5377,1616,1
5378,1616,26
5379,1617,1
5380,1617,19
5381,1618,1
5382,1618,26
5383,1619,17
5384,1619,1
5385,1619,74
5386,1619,54
5387,1619,71
5388,1620,17
5389,1620,84
5390,1620,117
5391,1621,1
5392,1621,29
5393,1621,3
5394,1621,12
5395,1622,1
5396,1622,11
5397,1623,1
5398,1623,70
5399,1623,3
5400,1623,2
5401,1624,1
5402,1624,29
5403,1624,5
5404,1624,2
5405,1625,25
5406,1625,1
5407,1625,7
5408,1625,5
5409,1626,1
5410,1626,29
5411,1626,3
5412,1627,6
5413,1627,9
5414,1628,150
5415,1628,21
5416,1628,22
5417,1629,1
5418,1629,4
5419,1629,5
5420,1629,12
5421,1630,1
5422,1630,13
5423,1630,29
5424,1630,12
5425,1631,17
5426,1631,6
5427,1631,9
5428,1631,118
5429,1632,1
5430,1632,6
5431,1632,7
5432,1632,24
5433,1632,95
5434,1632,32
5435,1633,1
5436,1633,32
5437,1633,41
5438,1634,25
5439,1634,132
5440,1634,123
5441,1635,1
5442,1635,27
5443,1635,93
5444,1635,39
5445,1636,1
5446,1636,13
5447,1636,29
5448,1636,3
5449,1637,1
5450,1637,99
5451,1637,31
5452,1638,1
5453,1638,7
5454,1638,26
5455,1638,5
5456,1639,1
5457,1639,35
5458,1639,13
5459,1639,55
5460,1640,17
5461,1640,7
5462,1640,140
5463,1640,47
5464,1640,51
5465,1641,1
5466,1641,13
5467,1641,3
5468,1641,69
5469,1641,2
5470,1642,25
5471,1642,7
5472,1642,32
5473,1642,5
5474,1642,50
5475,1643,45
5476,1643,85
5477,1644,1
5478,1644,11
5479,1644,15
5480,1644,19
5481,1645,17
5482,1645,71
5483,1646,1
5484,1646,4
5485,1646,5
5486,1647,1
5487,1647,29
5488,1647,20
5489,1648,1
5490,1648,7
5491,1648,5
5492,1649,25
5493,1649,67
5494,1650,1
5495,1650,55
5496,1650,13
5497,1650,11
5498,1651,1
5499,1651,7
5500,1651,5
5501,1651,50
5502,1652,1
5503,1652,13
5504,1652,32
5505,1653,1
5506,1653,26
5507,1653,107
5508,1654,1
5509,1654,11
5510,1654,13
5511,1654,5
5512,1655,25
5513,1655,1
5514,1655,69
5515,1655,139
5516,1655,67
5517,1655,82
5518,1656,25
5519,1656,1
5520,1656,10
5521,1656,15
5522,1656,5
5523,1656,50
5524,1657,1
5525,1657,38
5526,1657,3
5527,1657,2
5528,1658,1
5529,1658,11
5530,1658,12
5531,1658,53
5532,1659,1
5533,1659,11
5534,1660,17
5535,1660,54
5536,1660,71
5537,1661,1
5538,1661,5
5539,1662,1
5540,1662,3
5541,1662,38
5542,1663,1
5543,1663,7
5544,1663,52
5545,1664,25
5546,1664,180
5547,1665,1
5548,1665,44
5549,1666,1
5550,1666,26
5551,1666,52
5552,1667,25
5553,1667,1
5554,1667,6
5555,1667,7
5556,1667,21
5557,1667,22
5558,1667,5
5559,1667,50
5560,1667,9
5561,1667,36
5562,1667,24
5563,1668,1
5564,1668,26
5565,1668,32
5566,1669,1
5567,1669,21
5568,1669,106
5569,1669,11
5570,1670,1
5571,1670,32
5572,1671,1
5573,1671,10
5574,1671,5
5575,1671,30
5576,1672,1
5577,1672,26
5578,1673,1
5579,1673,35
5580,1673,112
5581,1673,13
5582,1674,25
5583,1674,50
5584,1675,1
5585,1675,11
5586,1676,1
5587,1676,3
5588,1676,29
5589,1676,20
5590,1676,5
5591,1677,25
5592,1677,1
5593,1677,32
5594,1677,50
5595,1678,25
5596,1678,50
5597,1679,17
5598,1679,71
5599,1679,95
5600,1680,17
5601,1680,181
5602,1680,18
5603,1680,114
5604,1681,1
5605,1681,7
5606,1681,32
5607,1681,50
5608,1682,25
5609,1682,50
5610,1683,1
5611,1683,29
5612,1684,1
5613,1684,12
5614,1685,1
5615,1685,35
5616,1685,13
5617,1685,5
5618,1685,56
5619,1685,112
5620,1686,25
5621,1686,7
5622,1686,50
5623,1687,1
5624,1687,2
5625,1688,1
5626,1688,13
5627,1689,1
5628,1689,7
5629,1689,29
5630,1689,27
5631,1689,69
5632,1690,25
5633,1690,33
5634,1690,60
5635,1690,65
5636,1690,59
5637,1691,25
5638,1691,50
5639,1692,25
5640,1692,45
5641,1692,1
5642,1692,7
5643,1692,5
5644,1692,50
5645,1692,8
5646,1693,1
5647,1693,42
5648,1693,43
5649,1693,19
5650,1694,1
5651,1694,11
5652,1694,13
5653,1695,6
5654,1695,138
5655,1695,9
5656,1696,1
5657,1696,35
5658,1696,13
5659,1696,55
5660,1697,1
5661,1697,12
5662,1698,1
5663,1698,11
5664,1698,19
5665,1699,1
5666,1699,7
5667,1699,10
5668,1699,2
5669,1700,25
5670,1700,7
5671,1700,50
5672,1700,8
5673,1701,25
5674,1701,50
5675,1702,1
5676,1702,35
5677,1702,13
5678,1702,38
5679,1702,4
5680,1703,1
5681,1703,26
5682,1703,2
5683,1704,25
5684,1704,50
5685,1704,39
5686,1705,1
5687,1705,29
5688,1705,30
5689,1705,5
5690,1705,10
5691,1705,2
5692,1706,1
5693,1706,42
5694,1707,6
5695,1707,24
5696,1707,8
5697,1707,9
5698,1708,17
5699,1708,6
5700,1708,8
5701,1708,84
5702,1708,117
5703,1709,1
5704,1709,52
5705,1710,1
5706,1710,5
5707,1710,12
5708,1711,25
5709,1711,50
5710,1712,25
5711,1712,132
5712,1712,125
5713,1712,60
5714,1712,67
5715,1713,25
5716,1713,32
5717,1713,50
5718,1714,1
5719,1714,7
5720,1714,30
5721,1714,51
5722,1715,1
5723,1715,143
5724,1715,52
5725,1716,45
5726,1716,1
5727,1716,42
5728,1716,19
5729,1717,1
5730,1717,35
5731,1717,29
5732,1717,13
5733,1718,1
5734,1718,7
5735,1718,20
5736,1718,3
5737,1719,17
5738,1719,6
5739,1719,35
5740,1719,117
5741,1719,9
5742,1720,1
5743,1720,31
5744,1721,25
5745,1721,134
5746,1722,1
5747,1722,32
5748,1723,1
5749,1723,21
5750,1723,32
5751,1723,106
5752,1724,1
5753,1724,31
5754,1724,26
5755,1725,1
5756,1725,42
5757,1725,99
5758,1725,43
5759,1726,1
5760,1726,7
5761,1726,2
5762,1726,44
5763,1726,5
5764,1727,25
5765,1727,1
5766,1727,5
5767,1727,50
5768,1727,39
5769,1728,1
5770,1728,2
5771,1729,1
5772,1729,7
5773,1729,32
5774,1729,5
5775,1729,9
5776,1730,25
5777,1730,1
5778,1730,7
5779,1730,5
5780,1730,50
5781,1731,1
5782,1731,31
5783,1731,11
5784,1732,1
5785,1732,148
5786,1732,19
5787,1733,1
5788,1733,13
5789,1733,4
5790,1733,12
5791,1734,1
5792,1734,12
5793,1735,1
5794,1735,43
5795,1735,19
5796,1736,45
5797,1736,6
5798,1736,182
5799,1737,1
5800,1737,41
5801,1737,32
5802,1738,1
5803,1738,11
5804,1738,19
5805,1739,1
5806,1739,13
5807,1740,1
5808,1740,42
5809,1741,17
5810,1741,1
5811,1741,13
5812,1741,63
5813,1741,71
5814,1741,69
5815,1742,1
5816,1742,16
5817,1742,4
5818,1743,25
5819,1743,67
5820,1744,25
5821,1744,1
5822,1744,26
5823,1744,93
5824,1745,25
5825,1745,39
5826,1745,123
5827,1745,116
5828,1745,73
5829,1746,25
5830,1746,1
5831,1746,32
5832,1746,50
5833,1747,25
5834,1747,39
5835,1747,67
5836,1748,1
5837,1748,7
5838,1748,5
5839,1749,1
5840,1749,29
5841,1749,5
5842,1750,1
5843,1750,35
5844,1750,29
5845,1750,13
5846,1751,1
5847,1751,3
5848,1752,1
5849,1752,128
5850,1753,1
5851,1753,32
5852,1753,31
5853,1754,1
5854,1754,42
5855,1754,43
5856,1755,25
5857,1755,132
5858,1755,60
5859,1755,154
5860,1755,183
5861,1755,123
5862,1756,1
5863,1756,19
5864,1757,17
5865,1757,21
5866,1757,22
5867,1757,184
5868,1758,17
5869,1758,6
5870,1758,117
5871,1758,8
5872,1759,1
5873,1759,2
5874,1759,44
5875,1760,1
5876,1760,5
5877,1761,1
5878,1761,7
5879,1761,5
5880,1761,51
5881,1762,25
5882,1762,1
5883,1762,32
5884,1762,65
5885,1762,5
5886,1762,8
5887,1763,1
5888,1763,93
5889,1764,1
5890,1764,52
5891,1765,1
5892,1765,30
5893,1765,12
5894,1766,17
5895,1766,95
5896,1767,17
5897,1767,7
5898,1767,51
5899,1768,17
5900,1768,114
5901,1769,25
5902,1769,50
5903,1769,8
5904,1770,1
5905,1770,35
5906,1770,13
5907,1770,55
5908,1771,1
5909,1771,7
5910,1771,5
5911,1771,10
5912,1771,77
5913,1772,1
5914,1772,5
5915,1772,26
5916,1773,25
5917,1773,96
5918,1773,98
5919,1773,123
5920,1774,25
5921,1774,116
5922,1775,1
5923,1775,13
5924,1775,11
5925,1775,12
5926,1776,25
5927,1776,116
5928,1777,1
5929,1777,7
5930,1777,2
5931,1777,44
5932,1778,17
5933,1778,71
5934,1778,72
5935,1779,1
5936,1779,35
5937,1779,4
5938,1779,66
5939,1780,1
5940,1780,5
5941,1781,1
5942,1781,11
5943,1782,1
5944,1782,29
5945,1783,25
5946,1783,67
5947,1784,1
5948,1784,15
5949,1785,25
5950,1785,7
5951,1785,21
5952,1785,22
5953,1785,50
5954,1786,1
5955,1786,5
5956,1786,12
5957,1787,1
5958,1787,12
5959,1787,11
5960,1788,1
5961,1788,41
5962,1788,32
5963,1788,26
5964,1789,1
5965,1789,5
5966,1790,1
5967,1790,42
5968,1791,1
5969,1791,42
5970,1791,99
5971,1791,185
5972,1792,1
5973,1792,7
5974,1792,29
5975,1792,30
5976,1793,25
5977,1793,50
5978,1793,32
5979,1794,25
5980,1794,1
5981,1794,32
5982,1794,50
5983,1795,17
5984,1795,117
5985,1796,1
5986,1796,32
5987,1796,31
5988,1797,1
5989,1797,6
5990,1797,7
5991,1797,5
5992,1798,1
5993,1798,13
5994,1798,12
5995,1799,1
5996,1799,11
5997,1800,25
5998,1800,7
5999,1800,50
6000,1800,8
6001,1801,1
6002,1801,13
6003,1801,19
6004,1802,1
6005,1802,32
6006,1803,1
6007,1803,7
6008,1803,5
6009,1803,47
6010,1804,1
6011,1804,26
6012,1804,32
6013,1805,1
6014,1805,2
6015,1805,10
6016,1806,1
6017,1806,7
6018,1806,5
6019,1806,12
6020,1806,47
6021,1807,25
6022,1807,50
6023,1808,1
6024,1808,31
6025,1808,186
6026,1809,1
6027,1809,7
6028,1809,4
6029,1809,38
6030,1810,33
6031,1810,34
6032,1811,1
6033,1811,26
6034,1811,28
6035,1812,1
6036,1812,5
6037,1812,105
6038,1813,1
6039,1813,52
6040,1814,33
6041,1814,79
6042,1815,1
6043,1815,15
6044,1815,4
6045,1816,25
6046,1816,7
6047,1816,50
6048,1817,25
6049,1817,50
6050,1817,39
6051,1818,1
6052,1818,13
6053,1818,11
6054,1819,1
6055,1819,5
6056,1820,1
6057,1820,5
6058,1820,12
6059,1821,25
6060,1821,1
6061,1821,150
6062,1821,49
6063,1821,187
6064,1821,153
6065,1822,1
6066,1822,29
6067,1822,20
6068,1822,11
6069,1823,1
6070,1823,35
6071,1823,13
6072,1823,11
6073,1823,3
6074,1824,1
6075,1824,5
6076,1825,6
6077,1825,7
6078,1825,23
6079,1825,24
6080,1826,1
6081,1826,13
6082,1826,69
6083,1826,2
6084,1827,17
6085,1827,6
6086,1827,118
6087,1827,95
6088,1827,9
6089,1828,17
6090,1828,122
6091,1829,1
6092,1829,7
6093,1829,29
6094,1829,30
6095,1829,12
6096,1830,1
6097,1830,26
6098,1830,52
6099,1831,1
6100,1831,13
6101,1832,1
6102,1832,26
6103,1832,32
6104,1833,1
6105,1833,42
6106,1833,43
6107,1833,128
6108,1834,1
6109,1834,7
6110,1834,4
6111,1834,5
6112,1834,47
6113,1835,25
6114,1835,7
6115,1835,50
6116,1836,6
6117,1836,8
6118,1837,25
6119,1837,1
6120,1837,73
6121,1837,26
6122,1837,52
6123,1838,1
6124,1838,70
6125,1838,2
6126,1838,11
6127,1839,6
6128,1839,9
6129,1839,24
6130,1840,1
6131,1840,13
6132,1841,25
6133,1841,62
6134,1841,50
6135,1842,1
6136,1842,5
6137,1843,25
6138,1843,6
6139,1843,7
6140,1843,24
6141,1843,8
6142,1844,25
6143,1844,6
6144,1844,50
6145,1844,188
6146,1844,60
6147,1845,1
6148,1845,10
6149,1845,3
6150,1845,38
6151,1845,69
6152,1846,1
6153,1846,26
6154,1847,25
6155,1847,1
6156,1847,5
6157,1847,50
6158,1848,1
6159,1848,31
6160,1849,25
6161,1849,116
6162,1849,189
6163,1849,8
6164,1850,25
6165,1850,7
6166,1850,50
6167,1851,1
6168,1851,5
6169,1852,1
6170,1852,5
6171,1853,25
6172,1853,50
6173,1853,8
6174,1853,115
6175,1854,17
6176,1854,61
6177,1854,164
6178,1854,122
6179,1855,6
6180,1855,21
6181,1855,22
6182,1855,8
6183,1856,1
6184,1856,29
6185,1856,13
6186,1856,3
6187,1856,2
6188,1857,1
6189,1857,124
6190,1857,176
6191,1857,4
6192,1858,6
6193,1858,7
6194,1858,76
6195,1858,9
6196,1858,47
6197,1858,103
6198,1859,1
6199,1859,13
6200,1859,55
6201,1859,12
6202,1860,1
6203,1860,42
6204,1860,43
6205,1861,25
6206,1861,1
6207,1861,5
6208,1862,1
6209,1862,3
6210,1863,7
6211,1863,5
6212,1864,25
6213,1864,50
6214,1865,6
6215,1865,8
6216,1866,33
6217,1866,65
6218,1866,34
6219,1867,1
6220,1867,5
6221,1867,12
6222,1868,25
6223,1868,17
6224,1868,74
6225,1868,6
6226,1868,7
6227,1868,144
6228,1868,190
6229,1868,9
6230,1869,6
6231,1869,35
6232,1869,66
6233,1869,9
6234,1870,1
6235,1870,7
6236,1870,101
6237,1870,15
6238,1870,83
6239,1871,1
6240,1871,26
6241,1871,11
6242,1872,25
6243,1872,7
6244,1872,50
6245,1873,25
6246,1873,1
6247,1873,5
6248,1873,50
6249,1874,25
6250,1874,116
6251,1874,50
6252,1875,1
6253,1875,74
6254,1875,6
6255,1875,7
6256,1875,5
6257,1876,1
6258,1876,35
6259,1876,29
6260,1876,20
6261,1876,13
6262,1877,1
6263,1878,1
6264,1878,31
6265,1879,25
6266,1879,1
6267,1879,32
6268,1879,8
6269,1880,1
6270,1880,26
6271,1880,28
6272,1880,27
6273,1881,17
6274,1881,7
6275,1881,72
6276,1881,111
6277,1882,25
6278,1882,116
6279,1882,123
6280,1883,1
6281,1883,7
6282,1883,32
6283,1883,5
6284,1883,41
6285,1884,1
6286,1884,13
6287,1884,4
6288,1884,5
6289,1885,17
6290,1885,1
6291,1885,54
6292,1885,71
6293,1886,1
6294,1886,3
6295,1886,2
6296,1887,25
6297,1887,50
6298,1887,39
6299,1887,32
6300,1888,1
6301,1888,3
6302,1888,13
6303,1888,22
6304,1889,1
6305,1889,5
6306,1889,9
6307,1890,25
6308,1890,7
6309,1890,60
6310,1890,47
6311,1891,6
6312,1891,24
6313,1892,1
6314,1892,26
6315,1893,25
6316,1893,59
6317,1893,60
6318,1894,17
6319,1894,95
6320,1895,1
6321,1895,6
6322,1895,29
6323,1896,25
6324,1896,7
6325,1896,50
6326,1896,32
6327,1897,1
6328,1897,11
6329,1897,12
6330,1898,25
6331,1898,1
6332,1898,26
6333,1898,32
6334,1898,50
6335,1899,25
6336,1899,132
6337,1900,1
6338,1900,5
6339,1900,52
6340,1901,1
6341,1901,6
6342,1901,35
6343,1901,7
6344,1901,104
6345,1901,66
6346,1901,4
6347,1902,1
6348,1902,26
6349,1903,1
6350,1903,31
6351,1904,1
6352,1904,13
6353,1904,66
6354,1904,12
6355,1905,1
6356,1905,179
6357,1905,69
6358,1905,108
6359,1905,71
6360,1906,1
6361,1906,30
6362,1906,5
6363,1907,35
6364,1907,120
6365,1908,1
6366,1908,12
6367,1909,25
6368,1909,1
6369,1909,5
6370,1909,50
6371,1910,6
6372,1910,66
6373,1910,9
6374,1910,24
6375,1911,17
6376,1911,1
6377,1911,6
6378,1911,5
6379,1911,13
6380,1911,9
6381,1911,95
6382,1911,3
6383,1911,54
6384,1912,6
6385,1912,146
6386,1913,1
6387,1913,12
6388,1913,15
6389,1914,1
6390,1914,52
6391,1915,1
6392,1915,99
6393,1915,31
6394,1916,25
6395,1916,50
6396,1917,1
6397,1917,11
6398,1917,12
6399,1917,14
6400,1918,25
6401,1918,7
6402,1918,50
6403,1919,25
6404,1919,17
6405,1919,1
6406,1919,6
6407,1919,7
6408,1919,5
6409,1919,37
6410,1919,9
6411,1920,25
6412,1920,50
6413,1921,1
6414,1921,52
6415,1922,1
6416,1922,30
6417,1922,12
6418,1923,1
6419,1923,5
6420,1924,25
6421,1924,116
6422,1924,123
6423,1925,1
6424,1925,5
6425,1925,36
6426,1925,4
6427,1926,25
6428,1926,7
6429,1926,50
6430,1927,1
6431,1927,13
6432,1927,30
6433,1928,25
6434,1928,1
6435,1928,21
6436,1928,22
6437,1928,5
6438,1928,39
6439,1929,1
6440,1929,5
6441,1930,17
6442,1930,64
6443,1930,72
6444,1931,1
6445,1931,26
6446,1931,119
6447,1931,31
6448,1932,1
6449,1932,32
6450,1933,1
6451,1933,35
6452,1933,112
6453,1933,12
6454,1934,1
6455,1934,13
6456,1935,25
6457,1935,1
6458,1935,10
6459,1935,52
6460,1936,1
6461,1936,41
6462,1936,32
6463,1937,1
6464,1937,12
6465,1938,1
6466,1938,26
6467,1938,52
6468,1939,17
6469,1939,1
6470,1939,54
6471,1939,5
6472,1939,71
6473,1939,30
6474,1940,1
6475,1940,7
6476,1940,21
6477,1940,22
6478,1940,4
6479,1940,47
6480,1941,1
6481,1941,19
6482,1942,25
6483,1942,116
6484,1943,1
6485,1943,42
6486,1943,128
6487,1944,17
6488,1944,1
6489,1944,54
6490,1944,69
6491,1944,71
6492,1945,1
6493,1945,10
6494,1945,39
6495,1945,139
6496,1946,25
6497,1946,7
6498,1946,32
6499,1946,50
6500,1947,1
6501,1947,7
6502,1947,5
6503,1948,45
6504,1948,85
6505,1949,17
6506,1949,64
6507,1950,1
6508,1950,29
6509,1950,3
6510,1951,1
6511,1951,3
6512,1951,13
6513,1951,11
6514,1952,1
6515,1952,165
6516,1952,48
6517,1953,25
6518,1953,150
6519,1953,67
6520,1954,25
6521,1954,6
6522,1954,8
6523,1955,1
6524,1955,38
6525,1955,5
6526,1956,17
6527,1956,122
6528,1957,1
6529,1957,29
6530,1957,20
6531,1957,3
6532,1958,21
6533,1958,80
6534,1959,1
6535,1959,99
6536,1959,31
6537,1960,1
6538,1960,11
6539,1960,19
6540,1961,1
6541,1961,19
6542,1962,1
6543,1962,2
6544,1962,44
6545,1963,1
6546,1963,5
6547,1964,1
6548,1964,5
6549,1965,1
6550,1965,3
6551,1966,45
6552,1966,88
6553,1967,1
6554,1967,7
6555,1967,5
6556,1968,17
6557,1968,63
6558,1969,1
6559,1969,29
6560,1969,20
6561,1969,3
6562,1970,1
6563,1970,19
6564,1971,45
6565,1971,6
6566,1971,45
6567,1971,62
6568,1971,9
6569,1971,24
6570,1972,25
6571,1972,1
6572,1972,32
6573,1972,50
6574,1973,1
6575,1973,31
6576,1974,45
6577,1975,1
6578,1975,32
6579,1975,31
6580,1976,1
6581,1976,19
6582,1977,7
6583,1977,47
6584,1978,1
6585,1978,30
6586,1978,5
6587,1979,1
6588,1979,5
6589,1980,1
6590,1980,19
6591,1981,25
6592,1981,1
6593,1981,70
6594,1981,50
6595,1982,25
6596,1982,6
6597,1982,7
6598,1982,8
6599,1983,6
6600,1983,7
6601,1983,8
6602,1984,6
6603,1984,9
6604,1985,25
6605,1985,96
6606,1985,99
6607,1986,1
6608,1986,7
6609,1986,5
6610,1987,1
6611,1987,5
6612,1988,17
6613,1988,21
6614,1988,80
6615,1988,22
6616,1989,1
6617,1989,41
6618,1989,139
6619,1990,1
6620,1990,5
6621,1990,12
6622,1991,1
6623,1991,15
6624,1992,25
6625,1992,6
6626,1992,24
6627,1992,23
6628,1993,1
6629,1993,7
6630,1993,52
6631,1993,82
6632,1994,1
6633,1994,11
6634,1995,1
6635,1995,5
6636,1996,1
6637,1996,148
6638,1996,191
6639,1997,17
6640,1997,164
6641,1998,21
6642,1998,22
6643,1998,151
6644,1999,1
6645,1999,13
6646,1999,38
6647,1999,52
6648,2000,25
6649,2000,50
6650,2000,8
6651,2001,1
6652,2001,99
6653,2001,31
6654,2002,6
6655,2002,55
6656,2002,192
6657,2002,193
6658,2003,1
6659,2003,13
6660,2003,176
6661,2003,31
6662,2004,1
6663,2004,15
6664,2004,11
6665,2005,25
6666,2005,50
6667,2006,1
6668,2006,26
6669,2006,52
6670,2007,17
6671,2008,1
6672,2008,31
6673,2009,1
6674,2010,25
6675,2010,1
6676,2010,94
6677,2010,19
6678,2011,1
6679,2011,125
6680,2011,39
6681,2012,1
6682,2012,26
6683,2012,52
6684,2012,69
6685,2013,1
6686,2013,5
6687,2014,25
6688,2014,1
6689,2014,10
6690,2014,60
6691,2014,50
6692,2015,1
6693,2015,6
6694,2015,29
6695,2015,20
6696,2015,24
6697,2015,8
6698,2016,25
6699,2016,1
6700,2016,32
6701,2016,50
6702,2017,1
6703,2017,6
6704,2017,3
6705,2017,9
6706,2018,25
6707,2018,1
6708,2018,6
6709,2018,50
6710,2018,23
6711,2019,1
6712,2019,5
6713,2019,10
6714,2020,25
6715,2020,132
6716,2021,1
6717,2021,7
6718,2021,47
6719,2021,5
6720,2022,25
6721,2022,7
6722,2022,32
6723,2022,50
6724,2023,1
6725,2023,11
6726,2023,13
6727,2023,55
6728,2024,1
6729,2024,13
6730,2024,29
6731,2025,1
6732,2025,12
6733,2025,11
6734,2025,13
6735,2026,25
6736,2026,6
6737,2026,7
6738,2026,21
6739,2026,51
6740,2026,106
6741,2026,50
6742,2026,22
6743,2026,76
6744,2027,1
6745,2027,41
6746,2027,10
6747,2028,1
6748,2028,7
6749,2028,10
6750,2028,5
6751,2029,17
6752,2029,64
6753,2029,114
6754,2029,18
6755,2030,1
6756,2030,19
6757,2030,15
6758,2031,1
6759,2031,19
6760,2032,1
6761,2033,1
6762,2033,31
6763,2034,25
6764,2034,1
6765,2034,30
6766,2034,8
6767,2035,1
6768,2035,7
6769,2035,30
6770,2036,25
6771,2036,7
6772,2036,50
6773,2037,17
6774,2037,114
6775,2037,18
6776,2038,1
6777,2038,5
6778,2039,1
6779,2039,38
6780,2039,3
6781,2039,29
6782,2040,25
6783,2040,116
6784,2040,97
6785,2041,1
6786,2041,5
6787,2041,47
6788,2042,1
6789,2042,19
6790,2042,11
6791,2043,1
6792,2043,7
6793,2043,21
6794,2043,22
6795,2043,51
6796,2043,4
6797,2043,47
6798,2044,25
6799,2044,116
6800,2045,1
6801,2045,5
6802,2045,12
6803,2046,6
6804,2046,9
6805,2047,1
6806,2047,15
6807,2048,1
6808,2048,52
6809,2048,5
6810,2049,25
6811,2049,96
6812,2049,98
6813,2050,25
6814,2050,1
6815,2050,7
6816,2050,32
6817,2050,50
6818,2051,1
6819,2051,32
6820,2052,1
6821,2052,10
6822,2052,15
6823,2053,25
6824,2053,6
6825,2053,188
6826,2053,9
6827,2053,24
6828,2054,1
6829,2054,10
6830,2054,26
6831,2055,1
6832,2055,42
6833,2055,43
6834,2055,19
6835,2056,1
6836,2056,4
6837,2057,1
6838,2057,2
6839,2057,5
6840,2058,1
6841,2058,11
6842,2059,25
6843,2059,45
6844,2059,8
6845,2060,25
6846,2060,6
6847,2060,62
6848,2060,24
6849,2061,6
6850,2061,66
6851,2061,9
6852,2061,24
6853,2062,1
6854,2062,35
6855,2062,13
6856,2062,66
6857,2063,17
6858,2063,1
6859,2063,35
6860,2063,13
6861,2063,71
6862,2063,12
6863,2064,1
6864,2064,19
6865,2065,1
6866,2065,93
6867,2066,1
6868,2066,48
6869,2066,194
6870,2067,1
6871,2067,32
6872,2067,5
6873,2068,1
6874,2068,12
6875,2068,29
6876,2069,1
6877,2069,4
6878,2069,5
6879,2069,12
6880,2070,1
6881,2070,13
6882,2070,11
6883,2071,1
6884,2072,1
6885,2072,7
6886,2072,5
6887,2073,1
6888,2073,5
6889,2074,1
6890,2074,13
6891,2074,5
6892,2075,17
6893,2075,7
6894,2075,95
6895,2075,84
6896,2076,25
6897,2076,50
6898,2077,25
6899,2077,1
6900,2077,7
6901,2077,32
6902,2077,50
6903,2077,195
6904,2078,25
6905,2078,7
6906,2078,3
6907,2079,25
6908,2079,65
6909,2079,60
6910,2079,98
6911,2080,1
6912,2081,1
6913,2081,21
6914,2081,5
6915,2081,3
6916,2082,1
6917,2082,128
6918,2083,1
6919,2083,31
6920,2083,99
6921,2084,1
6922,2084,54
6923,2084,5
6924,2084,12
6925,2085,1
6926,2085,11
6927,2085,19
6928,2086,25
6929,2086,196
6930,2087,17
6931,2087,164
6932,2087,140
6933,2087,51
